#  orbital          term                           energy
         0	       3	     -0.06901895275324767
         0	       4	        0.187075354365365
         0	       5	     0.027210613521766725
         0	       6	    -0.008160536466505972
         0	       7	    -0.008160536466505974
         0	       8	      -0.1750383908575152
         0	       9	     0.026972945380119347
         0	      10	     0.026972945380119347
         0	      11	     -0.10278972249159808
         0	      12	      0.12737218196068742
         0	      13	      0.00617052747429461
         0	      14	      0.00617052747429461
         0	      15	     -0.00282441887419563
         0	      16	    -0.002824418874195631
         0	      17	     -0.03602137618954595
         0	      18	     -0.03602137618954595
         0	      19	    -0.032634642772990954
         0	      20	      0.29500502872506884
         0	      21	    -0.016250295545073647
         0	      22	    -0.016250295545073647
         1	       3	      -0.0690189527532477
         1	       4	      0.18707535436536485
         1	       5	     0.027210613521766736
         1	       6	    -0.008160536466505972
         1	       7	    -0.008160536466505974
         1	       8	      -0.1750383908575154
         1	       9	     0.026972945380119347
         1	      10	     0.026972945380119347
         1	      11	     -0.10278972249159805
         1	      12	       0.1273721819606875
         1	      13	     0.006170527474294591
         1	      14	     0.006170527474294593
         1	      15	    -0.002824418874195637
         1	      16	    -0.002824418874195637
         1	      17	     -0.03602137618954598
         1	      18	     -0.03602137618954598
         1	      19	    -0.032634642772990975
         1	      20	       0.2950050287250695
         1	      21	     -0.01625029554507367
         1	      22	     -0.01625029554507367
         2	       3	     -0.08287437850545523
         2	       4	       0.0787495408115515
         2	       5	       0.0381997757686314
         2	       6	    -0.007521617562216289
         2	       7	    -0.007521617562216287
         2	       8	    -0.045826772907444406
         2	       9	      0.03184153614960872
         2	      10	     0.031841536149608725
         2	      11	     -0.09231714269360912
         2	      12	       0.1118549596999077
         2	      13	    0.0035970726240333504
         2	      14	    0.0035970726240333512
         2	      15	   -0.0010688732190014135
         2	      16	   -0.0010688732190014135
         2	      17	    -0.038483166522256654
         2	      18	    -0.038483166522256654
         2	      19	    -0.040176533230534134
         2	      20	      0.06792091746881612
         2	      21	    0.0024465309392586307
         2	      22	    0.0024465309392586307
         3	       3	     -0.08287437850545525
         3	       4	       0.0787495408115515
         3	       5	       0.0381997757686314
         3	       6	   -0.0075216175622162835
         3	       7	   -0.0075216175622162835
         3	       8	      -0.0458267729074444
         3	       9	      0.03184153614960873
         3	      10	      0.03184153614960874
         3	      11	     -0.09231714269360908
         3	      12	       0.1118549596999077
         3	      13	    0.0035970726240333512
         3	      14	    0.0035970726240333512
         3	      15	    -0.001068873219001408
         3	      16	    -0.001068873219001408
         3	      17	    -0.038483166522256654
         3	      18	    -0.038483166522256654
         3	      19	     -0.04017653323053418
         3	      20	      0.06792091746881614
         3	      21	    0.0024465309392586302
         3	      22	    0.0024465309392586302
         4	       3	     -0.08287437850545527
         4	       4	       0.0787495408115515
         4	       5	      0.03819977576863138
         4	       6	    -0.007521617562216288
         4	       7	    -0.007521617562216287
         4	       8	    -0.045826772907444385
         4	       9	      0.03184153614960874
         4	      10	      0.03184153614960874
         4	      11	      -0.0923171426936091
         4	      12	      0.11185495969990776
         4	      13	     0.003597072624033351
         4	      14	     0.003597072624033351
         4	      15	   -0.0010688732190014124
         4	      16	   -0.0010688732190014124
         4	      17	     -0.03848316652225666
         4	      18	     -0.03848316652225666
         4	      19	     -0.04017653323053417
         4	      20	      0.06792091746881604
         4	      21	     0.002446530939258627
         4	      22	     0.002446530939258627
         5	       3	     -0.08287437850545522
         5	       4	       0.0787495408115515
         5	       5	      0.03819977576863135
         5	       6	    -0.007521617562216282
         5	       7	    -0.007521617562216282
         5	       8	     -0.04582677290744439
         5	       9	      0.03184153614960871
         5	      10	      0.03184153614960872
         5	      11	     -0.09231714269360908
         5	      12	      0.11185495969990772
         5	      13	    0.0035970726240333525
         5	      14	    0.0035970726240333525
         5	      15	    -0.001068873219001409
         5	      16	    -0.001068873219001409
         5	      17	     -0.03848316652225662
         5	      18	     -0.03848316652225662
         5	      19	    -0.040176533230534175
         5	      20	      0.06792091746881612
         5	      21	     0.002446530939258634
         5	      22	     0.002446530939258634
         6	       3	     -0.08196836600173135
         6	       4	      0.06226095807662584
         6	       5	     0.038146339296131405
         6	       6	    -0.027393467797124576
         6	       7	    -0.027393467797124572
         6	       8	      -0.0269342737897725
         6	       9	    0.0056046074199886204
         6	      10	      0.00560460741998862
         6	      11	     -0.11371103682404195
         6	      12	       0.1054162380023308
         6	      13	     0.004431141742532399
         6	      14	     0.004431141742532399
         6	      15	     -0.00204222179944291
         6	      16	     -0.00204222179944291
         6	      17	    0.0035100561076113965
         6	      18	    0.0035100561076113965
         6	      19	     -0.04582528741733473
         6	      20	      0.03209915826659483
         6	      21	      0.03090445613736888
         6	      22	      0.03090445613736888
         7	       3	     -0.08196836600173142
         7	       4	      0.06226095807662582
         7	       5	      0.03814633929613153
         7	       6	    -0.027393467797124572
         7	       7	     -0.02739346779712457
         7	       8	     -0.02693427378977248
         7	       9	     0.005604607419988628
         7	      10	     0.005604607419988628
         7	      11	     -0.11371103682404196
         7	      12	      0.10541623800233084
         7	      13	       0.0044311417425324
         7	      14	     0.004431141742532401
         7	      15	    -0.002042221799442907
         7	      16	    -0.002042221799442907
         7	      17	    0.0035100561076113995
         7	      18	    0.0035100561076113995
         7	      19	     -0.04582528741733491
         7	      20	     0.032099158266594825
         7	      21	     0.030904456137368884
         7	      22	     0.030904456137368884
         8	       3	      -0.1351742131691015
         8	       4	      0.03045213386214523
         8	       5	      0.08328580024126947
         8	       6	     -0.01510167464413386
         8	       7	     -0.01510167464413386
         8	       8	    -0.011201582573515083
         8	       9	    0.0025139981145271247
         8	      10	    0.0025139981145271247
         8	      11	     -0.12171957553153438
         8	      12	      0.12299379077765302
         8	      13	     0.011545818980285418
         8	      14	     0.011545818980285418
         8	      15	    -0.004336236469440182
         8	      16	    -0.004336236469440182
         8	      17	     0.007500921805493767
         8	      18	     0.007500921805493767
         8	      19	     -0.09597754622800549
         8	      20	     0.015373202454433525
         8	      21	     0.015021377256164013
         8	      22	     0.015021377256164013
         9	       3	     -0.13517421316910141
         9	       4	     0.030452133862145254
         9	       5	      0.08328580024126944
         9	       6	    -0.015101674644133874
         9	       7	    -0.015101674644133874
         9	       8	    -0.011201582573515096
         9	       9	     0.002513998114527117
         9	      10	    0.0025139981145271173
         9	      11	     -0.12171957553153441
         9	      12	      0.12299379077765296
         9	      13	     0.011545818980285396
         9	      14	     0.011545818980285396
         9	      15	    -0.004336236469440198
         9	      16	    -0.004336236469440198
         9	      17	     0.007500921805493774
         9	      18	     0.007500921805493776
         9	      19	     -0.09597754622800542
         9	      20	     0.015373202454433545
         9	      21	     0.015021377256164021
         9	      22	     0.015021377256164021
        10	       3	     -0.08196836600173131
        10	       4	      0.06226095807662584
        10	       5	       0.0381463392961314
        10	       6	     -0.02739346779712458
        10	       7	    -0.027393467797124576
        10	       8	     -0.02693427378977249
        10	       9	     0.005604607419988621
        10	      10	     0.005604607419988621
        10	      11	     -0.11371103682404193
        10	      12	       0.1054162380023308
        10	      13	    0.0044311417425323945
        10	      14	     0.004431141742532395
        10	      15	   -0.0020422217994429115
        10	      16	   -0.0020422217994429115
        10	      17	    0.0035100561076113926
        10	      18	    0.0035100561076113926
        10	      19	     -0.04582528741733474
        10	      20	      0.03209915826659485
        10	      21	      0.03090445613736889
        10	      22	      0.03090445613736889
        11	       3	     -0.08196836600173135
        11	       4	      0.06226095807662582
        11	       5	      0.03814633929613141
        11	       6	    -0.027393467797124572
        11	       7	     -0.02739346779712457
        11	       8	    -0.026934273789772492
        11	       9	     0.005604607419988624
        11	      10	     0.005604607419988624
        11	      11	       -0.113711036824042
        11	      12	      0.10541623800233085
        11	      13	     0.004431141742532399
        11	      14	     0.004431141742532399
        11	      15	   -0.0020422217994429076
        11	      16	   -0.0020422217994429076
        11	      17	    0.0035100561076113978
        11	      18	    0.0035100561076113978
        11	      19	     -0.04582528741733474
        11	      20	      0.03209915826659481
        11	      21	     0.030904456137368867
        11	      22	     0.030904456137368867
        12	       3	     -0.10976080424781405
        12	       4	     0.022629397909144373
        12	       5	      0.11814068422456027
        12	       6	     -0.00996056554783929
        12	       7	    -0.009960565547839289
        12	       8	    -0.007937029980303196
        12	       9	     0.002155237040308067
        12	      10	     0.002155237040308067
        12	      11	     -0.11003439952411187
        12	      12	      0.10539683229289554
        12	      13	     0.001681433831455145
        12	      14	     0.001681433831455145
        12	      15	    -0.001359033319068779
        12	      16	    -0.001359033319068779
        12	      17	     0.010650058633391721
        12	      18	     0.010650058633391721
        12	      19	     -0.17679089644010115
        12	      20	     0.010400904595772847
        12	      21	     0.011875956463972489
        12	      22	     0.011875956463972489
        13	       3	     -0.10976080424781381
        13	       4	     0.022629397909144387
        13	       5	      0.11814068422456016
        13	       6	    -0.009960565547839296
        13	       7	    -0.009960565547839296
        13	       8	    -0.007937029980303201
        13	       9	    0.0021552370403080615
        13	      10	    0.0021552370403080615
        13	      11	     -0.11003439952411188
        13	      12	      0.10539683229289562
        13	      13	    0.0016814338314551523
        13	      14	    0.0016814338314551523
        13	      15	   -0.0013590333190687761
        13	      16	   -0.0013590333190687761
        13	      17	     0.010650058633391728
        13	      18	     0.010650058633391728
        13	      19	     -0.17679089644010101
        13	      20	     0.010400904595772852
        13	      21	     0.011875956463972492
        13	      22	     0.011875956463972492
        14	       3	     -0.11782244859710733
        14	       4	      0.01726743196523624
        14	       5	      0.11083437742273679
        14	       6	    -0.006900211862483974
        14	       7	    -0.006900211862483976
        14	       8	    -0.004855913782835161
        14	       9	    0.0029366510015437696
        14	      10	    0.0029366510015437688
        14	      11	     -0.12099780048516291
        14	      12	      0.12429173257225028
        14	      13	      0.00901628135080038
        14	      14	     0.009016281350800385
        14	      15	   -0.0025391436951998836
        14	      16	   -0.0025391436951998836
        14	      17	      0.01041455216718915
        14	      18	      0.01041455216718915
        14	      19	      -0.1317247958154209
        14	      20	      0.00630719052744519
        14	      21	     0.006202753387606252
        14	      22	     0.006202753387606252
        15	       3	     -0.11782244859710762
        15	       4	     0.017267431965236245
        15	       5	      0.11083437742273734
        15	       6	     -0.00690021186248398
        15	       7	    -0.006900211862483981
        15	       8	    -0.004855913782835162
        15	       9	    0.0029366510015437814
        15	      10	     0.002936651001543781
        15	      11	     -0.12099780048516288
        15	      12	      0.12429173257225032
        15	      13	     0.009016281350800369
        15	      14	     0.009016281350800369
        15	      15	    -0.002539143695199892
        15	      16	    -0.002539143695199892
        15	      17	     0.010414552167189202
        15	      18	     0.010414552167189202
        15	      19	     -0.13172479581542157
        15	      20	      0.00630719052744519
        15	      21	    0.0062027533876062545
        15	      22	    0.0062027533876062545
        16	       3	     -0.11782244859710762
        16	       4	      0.01726743196523624
        16	       5	      0.11083437742273707
        16	       6	   -0.0069002118624839764
        16	       7	   -0.0069002118624839764
        16	       8	     -0.00485591378283516
        16	       9	    0.0029366510015437775
        16	      10	    0.0029366510015437766
        16	      11	     -0.12099780048516294
        16	      12	      0.12429173257225024
        16	      13	     0.009016281350800383
        16	      14	     0.009016281350800383
        16	      15	    -0.002539143695199881
        16	      16	    -0.002539143695199881
        16	      17	     0.010414552167189178
        16	      18	     0.010414552167189178
        16	      19	     -0.13172479581542113
        16	      20	     0.006307190527445191
        16	      21	     0.006202753387606253
        16	      22	     0.006202753387606253
        17	       3	     -0.11782244859710789
        17	       4	      0.01726743196523623
        17	       5	      0.11083437742273755
        17	       6	    -0.006900211862483971
        17	       7	    -0.006900211862483971
        17	       8	    -0.004855913782835157
        17	       9	     0.002936651001543789
        17	      10	     0.002936651001543789
        17	      11	      -0.1209978004851629
        17	      12	      0.12429173257225033
        17	      13	     0.009016281350800374
        17	      14	     0.009016281350800374
        17	      15	    -0.002539143695199889
        17	      16	    -0.002539143695199889
        17	      17	      0.01041455216718921
        17	      18	      0.01041455216718921
        17	      19	     -0.13172479581542162
        17	      20	     0.006307190527445183
        17	      21	      0.00620275338760625
        17	      22	      0.00620275338760625
        18	       3	       -0.109760804247814
        18	       4	     0.022629397909144384
        18	       5	      0.11814068422456053
        18	       6	    -0.009960565547839294
        18	       7	    -0.009960565547839296
        18	       8	      -0.0079370299803032
        18	       9	     0.002155237040308064
        18	      10	     0.002155237040308064
        18	      11	     -0.11003439952411188
        18	      12	      0.10539683229289556
        18	      13	      0.00168143383145514
        18	      14	    0.0016814338314551406
        18	      15	   -0.0013590333190687779
        18	      16	   -0.0013590333190687779
        18	      17	     0.010650058633391734
        18	      18	     0.010650058633391734
        18	      19	     -0.17679089644010182
        18	      20	     0.010400904595772848
        18	      21	     0.011875956463972485
        18	      22	     0.011875956463972485
        19	       3	     -0.10976080424781397
        19	       4	      0.02262939790914438
        19	       5	      0.11814068422456048
        19	       6	     -0.00996056554783929
        19	       7	    -0.009960565547839292
        19	       8	    -0.007937029980303198
        19	       9	    0.0021552370403080602
        19	      10	    0.0021552370403080602
        19	      11	     -0.11003439952411188
        19	      12	      0.10539683229289562
        19	      13	    0.0016814338314551488
        19	      14	    0.0016814338314551488
        19	      15	   -0.0013590333190687755
        19	      16	   -0.0013590333190687755
        19	      17	     0.010650058633391735
        19	      18	     0.010650058633391735
        19	      19	     -0.17679089644010168
        19	      20	     0.010400904595772852
        19	      21	     0.011875956463972487
        19	      22	     0.011875956463972487
