0 8 -1.45952784042816
1 9 1.0329914395598601
8 0 1.45952784042816
9 1 -1.0329914395598601
0 1 0 9 -2.2183213396911299
0 1 1 8 -0.73554914458456799
0 1 2 5 0.0288434939994658
0 1 3 4 0.97858847811628202
0 1 4 3 -0.97858847811628202
0 1 5 2 -0.0288434939994658
0 1 6 11 2.16198200459311
0 1 7 10 -0.17596647907614499
0 1 8 1 0.73554914458456799
0 1 8 9 -0.031384707657777303
0 1 9 0 2.2183213396911299
0 1 9 8 0.031384707657777303
0 1 10 7 0.17596647907614499
0 1 11 6 -2.16198200459311
0 2 2 8 0.68674595486155599
0 2 4 6 -0.096342411725847205
0 2 6 4 0.096342411725847205
0 2 8 2 -0.68674595486155599
0 3 1 2 -1.29906354023572
0 3 2 1 1.29906354023572
0 3 2 9 1.0598646477726501
0 3 3 8 -0.96151610760194495
0 3 4 7 -0.25631670604704698
0 3 5 6 -0.88805176812759001
0 3 6 5 0.88805176812759001
0 3 7 4 0.25631670604704698
0 3 8 3 0.96151610760194495
0 3 9 2 -1.0598646477726501
0 4 2 10 0.30774881712587598
0 4 4 8 -0.96163739705352402
0 4 8 4 0.96163739705352402
0 4 10 2 -0.30774881712587598
0 5 1 4 0.72533900282957298
0 5 2 11 0.65002152780483202
0 5 3 10 0.037955231973803197
0 5 4 1 -0.72533900282957298
0 5 4 9 -0.016232970777922399
0 5 5 8 -0.487153407246811
0 5 8 5 0.487153407246811
0 5 9 4 0.016232970777922399
0 5 10 3 -0.037955231973803197
0 5 11 2 -0.65002152780483202
0 6 6 8 -1.5079248648477099
0 6 8 6 1.5079248648477099
0 7 1 6 -0.34462118420582399
0 7 2 3 -2.1695361178021102
0 7 3 2 2.1695361178021102
0 7 6 1 0.34462118420582399
0 7 6 9 0.36794565626421299
0 7 7 8 -1.3567866636065
0 7 8 7 1.3567866636065
0 7 9 6 -0.36794565626421299
0 8 2 4 -1.7724798497624099
0 8 4 2 1.7724798497624099
0 8 6 10 0.0072443054976458103
0 8 10 6 -0.0072443054976458103
0 9 0 1 2.2183213396911299
0 9 1 0 -2.2183213396911299
0 9 1 8 1.53773069035567
0 9 2 5 -0.23547374216735201
0 9 3 4 0.54287350103630905
0 9 4 3 -0.54287350103630905
0 9 5 2 0.23547374216735201
0 9 6 11 -0.54850895688980905
0 9 7 10 1.00916724297365
0 9 8 1 -1.53773069035567
0 9 8 9 -0.27511470838066898
0 9 9 8 0.27511470838066898
0 9 10 7 -1.00916724297365
0 9 11 6 0.54850895688980905
0 10 8 10 0.30422165875039597
0 10 10 8 -0.30422165875039597
0 11 1 10 -0.227820293820441
0 11 4 5 1.4042137414095599
0 11 5 4 -1.4042137414095599
0 11 8 11 1.0024266968787601
0 11 9 10 0.060499742646984697
0 11 10 1 0.227820293820441
0 11 10 9 -0.060499742646984697
0 11 11 8 -1.0024266968787601
1 0 0 9 2.2183213396911299
1 0 1 8 0.73554914458456799
1 0 2 5 -0.0288434939994658
1 0 3 4 -0.97858847811628202
1 0 4 3 0.97858847811628202
1 0 5 2 0.0288434939994658
1 0 6 11 -2.16198200459311
1 0 7 10 0.17596647907614499
1 0 8 1 -0.73554914458456799
1 0 8 9 0.031384707657777303
1 0 9 0 -2.2183213396911299
1 0 9 8 -0.031384707657777303
1 0 10 7 -0.17596647907614499
1 0 11 6 2.16198200459311
1 2 0 3 1.29906354023572
1 2 2 9 3.2361407447888202
1 2 3 0 -1.29906354023572
1 2 3 8 -0.0251220847986213
1 2 4 7 -1.52283078149992
1 2 5 6 -1.47658282864779
1 2 6 5 1.47658282864779
1 2 7 4 1.52283078149992
1 2 8 3 0.0251220847986213
1 2 9 2 -3.2361407447888202
1 3 3 9 -0.20425192153684599
1 3 5 7 -0.201907066772198
1 3 7 5 0.201907066772198
1 3 9 3 0.20425192153684599
1 4 0 5 -0.72533900282957298
1 4 2 11 0.26985813610110498
1 4 3 10 0.75072652619851599
1 4 4 9 1.29816320617095
1 4 5 0 0.72533900282957298
1 4 5 8 -0.64397604593205804
1 4 8 5 0.64397604593205804
1 4 9 4 -1.29816320617095
1 4 10 3 -0.75072652619851599
1 4 11 2 -0.26985813610110498
1 5 3 11 -0.19860414736965501
1 5 5 9 -0.757975137211644
1 5 9 5 0.757975137211644
1 5 11 3 0.19860414736965501
1 6 0 7 0.34462118420582399
1 6 2 3 -0.27222298235277897
1 6 3 2 0.27222298235277897
1 6 6 9 1.18210266325722
1 6 7 0 -0.34462118420582399
1 6 7 8 -0.47603599280404901
1 6 8 7 0.47603599280404901
1 6 9 6 -1.18210266325722
1 7 7 9 -0.306007351984042
1 7 9 7 0.306007351984042
1 8 0 1 0.73554914458456799
1 8 0 9 -1.53773069035567
1 8 1 0 -0.73554914458456799
1 8 2 5 0.19905804951653899
1 8 3 4 0.89846557759490098
1 8 4 3 -0.89846557759490098
1 8 5 2 -0.19905804951653899
1 8 6 11 2.1424271985449002
1 8 7 10 -0.323680765358967
1 8 8 9 -0.96918988243641402
1 8 9 0 1.53773069035567
1 8 9 8 0.96918988243641402
1 8 10 7 0.323680765358967
1 8 11 6 -2.1424271985449002
1 9 3 5 -0.79292140205394901
1 9 5 3 0.79292140205394901
1 9 7 11 -1.4654544401063601
1 9 11 7 1.4654544401063601
1 10 0 11 0.227820293820441
1 10 4 5 -1.0766162857016901
1 10 5 4 1.0766162857016901
1 10 8 11 1.3945108571375899
1 10 9 10 -1.16531114172103
1 10 10 9 1.16531114172103
1 10 11 0 -0.227820293820441
1 10 11 8 -1.3945108571375899
1 11 9 11 -0.49148302338807198
1 11 11 9 0.49148302338807198
2 0 2 8 -0.68674595486155599
2 0 4 6 0.096342411725847205
2 0 6 4 -0.096342411725847205
2 0 8 2 0.68674595486155599
2 1 0 3 -1.29906354023572
2 1 2 9 -3.2361407447888202
2 1 3 0 1.29906354023572
2 1 3 8 0.0251220847986213
2 1 4 7 1.52283078149992
2 1 5 6 1.47658282864779
2 1 6 5 -1.47658282864779
2 1 7 4 -1.52283078149992
2 1 8 3 -0.0251220847986213
2 1 9 2 3.2361407447888202
2 3 0 7 2.1695361178021102
2 3 1 6 0.27222298235277897
2 3 6 1 -0.27222298235277897
2 3 6 9 0.025091942740230799
2 3 7 0 -2.1695361178021102
2 3 7 8 0.92204812354113097
2 3 8 7 -0.92204812354113097
2 3 9 6 -0.025091942740230799
2 4 0 8 1.7724798497624099
2 4 6 10 -1.1530928593240299
2 4 8 0 -1.7724798497624099
2 4 10 6 1.1530928593240299
2 5 0 1 -0.0288434939994658
2 5 0 9 0.23547374216735201
2 5 1 0 0.0288434939994658
2 5 1 8 -0.19905804951653899
2 5 3 4 -0.95968757306720398
2 5 4 3 0.95968757306720398
2 5 6 11 3.3486968825541399
2 5 7 10 -1.90926498763284
2 5 8 1 0.19905804951653899
2 5 8 9 -1.5639963030545501
2 5 9 0 -0.23547374216735201
2 5 9 8 1.5639963030545501
2 5 10 7 1.90926498763284
2 5 11 6 -3.3486968825541399
2 7 3 6 1.1143896685818699
2 7 6 3 -1.1143896685818699
2 8 0 2 -0.68674595486155599
2 8 2 0 0.68674595486155599
2 8 4 6 1.2217227960303401
2 8 6 4 -1.2217227960303401
2 9 0 3 -1.0598646477726501
2 9 1 2 -3.2361407447888202
2 9 2 1 3.2361407447888202
2 9 3 0 1.0598646477726501
2 9 3 8 0.53793128322925399
2 9 4 7 0.45915164337171299
2 9 5 6 1.2761950798634401
2 9 6 5 -1.2761950798634401
2 9 7 4 -0.45915164337171299
2 9 8 3 -0.53793128322925399
2 10 0 4 -0.30774881712587598
2 10 4 0 0.30774881712587598
2 10 4 8 -0.22067203245497899
2 10 8 4 0.22067203245497899
2 11 0 5 -0.65002152780483202
2 11 1 4 -0.26985813610110498
2 11 3 10 -0.75979139841937005
2 11 4 1 0.26985813610110498
2 11 4 9 -0.577526725478129
2 11 5 0 0.65002152780483202
2 11 5 8 -0.89883861904900497
2 11 8 5 0.89883861904900497
2 11 9 4 0.577526725478129
2 11 10 3 0.75979139841937005
3 0 1 2 1.29906354023572
3 0 2 1 -1.29906354023572
3 0 2 9 -1.0598646477726501
3 0 3 8 0.96151610760194495
3 0 4 7 0.25631670604704698
3 0 5 6 0.88805176812759001
3 0 6 5 -0.88805176812759001
3 0 7 4 -0.25631670604704698
3 0 8 3 -0.96151610760194495
3 0 9 2 1.0598646477726501
3 1 3 9 0.20425192153684599
3 1 5 7 0.201907066772198
3 1 7 5 -0.201907066772198
3 1 9 3 -0.20425192153684599
3 2 0 7 -2.1695361178021102
3 2 1 6 -0.27222298235277897
3 2 6 1 0.27222298235277897
3 2 6 9 -0.025091942740230799
3 2 7 0 2.1695361178021102
3 2 7 8 -0.92204812354113097
3 2 8 7 0.92204812354113097
3 2 9 6 0.025091942740230799
3 4 0 1 -0.97858847811628202
3 4 0 9 -0.54287350103630905
3 4 1 0 0.97858847811628202
3 4 1 8 -0.89846557759490098
3 4 2 5 0.95968757306720398
3 4 5 2 -0.95968757306720398
3 4 6 11 0.31160672248676102
3 4 7 10 0.44779445223429398
3 4 8 1 0.89846557759490098
3 4 8 9 -1.14506682810286
3 4 9 0 0.54287350103630905
3 4 9 8 1.14506682810286
3 4 10 7 -0.44779445223429398
3 4 11 6 -0.31160672248676102
3 5 1 9 0.79292140205394901
3 5 7 11 -0.59289843245097296
3 5 9 1 -0.79292140205394901
3 5 11 7 0.59289843245097296
3 6 2 7 -1.1143896685818699
3 6 7 2 1.1143896685818699
3 8 0 3 0.96151610760194495
3 8 1 2 0.0251220847986213
3 8 2 1 -0.0251220847986213
3 8 2 9 -0.53793128322925399
3 8 3 0 -0.96151610760194495
3 8 4 7 -0.099041242436301094
3 8 5 6 1.3356894568194899
3 8 6 5 -1.3356894568194899
3 8 7 4 0.099041242436301094
3 8 9 2 0.53793128322925399
3 9 1 3 0.20425192153684599
3 9 3 1 -0.20425192153684599
3 9 5 7 0.78998217768892498
3 9 7 5 -0.78998217768892498
3 10 0 5 -0.037955231973803197
3 10 1 4 -0.75072652619851599
3 10 2 11 0.75979139841937005
3 10 4 1 0.75072652619851599
3 10 4 9 0.49920904668388399
3 10 5 0 0.037955231973803197
3 10 5 8 0.44095247685091199
3 10 8 5 -0.44095247685091199
3 10 9 4 -0.49920904668388399
3 10 11 2 -0.75979139841937005
3 11 1 5 0.19860414736965501
3 11 5 1 -0.19860414736965501
3 11 5 9 -0.47268698984666102
3 11 9 5 0.47268698984666102
4 0 2 10 -0.30774881712587598
4 0 4 8 0.96163739705352402
4 0 8 4 -0.96163739705352402
4 0 10 2 0.30774881712587598
4 1 0 5 0.72533900282957298
4 1 2 11 -0.26985813610110498
4 1 3 10 -0.75072652619851599
4 1 4 9 -1.29816320617095
4 1 5 0 -0.72533900282957298
4 1 5 8 0.64397604593205804
4 1 8 5 -0.64397604593205804
4 1 9 4 1.29816320617095
4 1 10 3 0.75072652619851599
4 1 11 2 0.26985813610110498
4 2 0 8 -1.7724798497624099
4 2 6 10 1.1530928593240299
4 2 8 0 1.7724798497624099
4 2 10 6 -1.1530928593240299
4 3 0 1 0.97858847811628202
4 3 0 9 0.54287350103630905
4 3 1 0 -0.97858847811628202
4 3 1 8 0.89846557759490098
4 3 2 5 -0.95968757306720398
4 3 5 2 0.95968757306720398
4 3 6 11 -0.31160672248676102
4 3 7 10 -0.44779445223429398
4 3 8 1 -0.89846557759490098
4 3 8 9 1.14506682810286
4 3 9 0 -0.54287350103630905
4 3 9 8 -1.14506682810286
4 3 10 7 0.44779445223429398
4 3 11 6 0.31160672248676102
4 5 0 11 -1.4042137414095599
4 5 1 10 1.0766162857016901
4 5 8 11 1.2688920519626401
4 5 9 10 -0.81570230758485296
4 5 10 1 -1.0766162857016901
4 5 10 9 0.81570230758485296
4 5 11 0 1.4042137414095599
4 5 11 8 -1.2688920519626401
4 6 0 2 0.096342411725847205
4 6 2 0 -0.096342411725847205
4 6 2 8 -1.2217227960303401
4 6 8 2 1.2217227960303401
4 7 0 3 0.25631670604704698
4 7 1 2 1.52283078149992
4 7 2 1 -1.52283078149992
4 7 2 9 -0.45915164337171299
4 7 3 0 -0.25631670604704698
4 7 3 8 0.099041242436301094
4 7 5 6 -0.58790826503124904
4 7 6 5 0.58790826503124904
4 7 8 3 -0.099041242436301094
4 7 9 2 0.45915164337171299
4 8 0 4 0.96163739705352402
4 8 2 10 0.22067203245497899
4 8 4 0 -0.96163739705352402
4 8 10 2 -0.22067203245497899
4 9 0 5 0.016232970777922399
4 9 1 4 -1.29816320617095
4 9 2 11 0.577526725478129
4 9 3 10 -0.49920904668388399
4 9 4 1 1.29816320617095
4 9 5 0 -0.016232970777922399
4 9 5 8 0.47933178857888398
4 9 8 5 -0.47933178857888398
4 9 10 3 0.49920904668388399
4 9 11 2 -0.577526725478129
4 11 5 10 -1.40851397302974
4 11 10 5 1.40851397302974
5 0 1 4 -0.72533900282957298
5 0 2 11 -0.65002152780483202
5 0 3 10 -0.037955231973803197
5 0 4 1 0.72533900282957298
5 0 4 9 0.016232970777922399
5 0 5 8 0.487153407246811
5 0 8 5 -0.487153407246811
5 0 9 4 -0.016232970777922399
5 0 10 3 0.037955231973803197
5 0 11 2 0.65002152780483202
5 1 3 11 0.19860414736965501
5 1 5 9 0.757975137211644
5 1 9 5 -0.757975137211644
5 1 11 3 -0.19860414736965501
5 2 0 1 0.0288434939994658
5 2 0 9 -0.23547374216735201
5 2 1 0 -0.0288434939994658
5 2 1 8 0.19905804951653899
5 2 3 4 0.95968757306720398
5 2 4 3 -0.95968757306720398
5 2 6 11 -3.3486968825541399
5 2 7 10 1.90926498763284
5 2 8 1 -0.19905804951653899
5 2 8 9 1.5639963030545501
5 2 9 0 0.23547374216735201
5 2 9 8 -1.5639963030545501
5 2 10 7 -1.90926498763284
5 2 11 6 3.3486968825541399
5 3 1 9 -0.79292140205394901
5 3 7 11 0.59289843245097296
5 3 9 1 0.79292140205394901
5 3 11 7 -0.59289843245097296
5 4 0 11 1.4042137414095599
5 4 1 10 -1.0766162857016901
5 4 8 11 -1.2688920519626401
5 4 9 10 0.81570230758485296
5 4 10 1 1.0766162857016901
5 4 10 9 -0.81570230758485296
5 4 11 0 -1.4042137414095599
5 4 11 8 1.2688920519626401
5 6 0 3 0.88805176812759001
5 6 1 2 1.47658282864779
5 6 2 1 -1.47658282864779
5 6 2 9 -1.2761950798634401
5 6 3 0 -0.88805176812759001
5 6 3 8 -1.3356894568194899
5 6 4 7 0.58790826503124904
5 6 7 4 -0.58790826503124904
5 6 8 3 1.3356894568194899
5 6 9 2 1.2761950798634401
5 7 1 3 0.201907066772198
5 7 3 1 -0.201907066772198
5 7 3 9 -0.78998217768892498
5 7 9 3 0.78998217768892498
5 8 0 5 0.487153407246811
5 8 1 4 0.64397604593205804
5 8 2 11 0.89883861904900497
5 8 3 10 -0.44095247685091199
5 8 4 1 -0.64397604593205804
5 8 4 9 -0.47933178857888398
5 8 5 0 -0.487153407246811
5 8 9 4 0.47933178857888398
5 8 10 3 0.44095247685091199
5 8 11 2 -0.89883861904900497
5 9 1 5 0.757975137211644
5 9 3 11 0.47268698984666102
5 9 5 1 -0.757975137211644
5 9 11 3 -0.47268698984666102
5 10 4 11 1.40851397302974
5 10 11 4 -1.40851397302974
6 0 6 8 1.5079248648477099
6 0 8 6 -1.5079248648477099
6 1 0 7 -0.34462118420582399
6 1 2 3 0.27222298235277897
6 1 3 2 -0.27222298235277897
6 1 6 9 -1.18210266325722
6 1 7 0 0.34462118420582399
6 1 7 8 0.47603599280404901
6 1 8 7 -0.47603599280404901
6 1 9 6 1.18210266325722
6 3 2 7 1.1143896685818699
6 3 7 2 -1.1143896685818699
6 4 0 2 -0.096342411725847205
6 4 2 0 0.096342411725847205
6 4 2 8 1.2217227960303401
6 4 8 2 -1.2217227960303401
6 5 0 3 -0.88805176812759001
6 5 1 2 -1.47658282864779
6 5 2 1 1.47658282864779
6 5 2 9 1.2761950798634401
6 5 3 0 0.88805176812759001
6 5 3 8 1.3356894568194899
6 5 4 7 -0.58790826503124904
6 5 7 4 0.58790826503124904
6 5 8 3 -1.3356894568194899
6 5 9 2 -1.2761950798634401
6 8 0 6 1.5079248648477099
6 8 6 0 -1.5079248648477099
6 9 0 7 -0.36794565626421299
6 9 1 6 -1.18210266325722
6 9 2 3 -0.025091942740230799
6 9 3 2 0.025091942740230799
6 9 6 1 1.18210266325722
6 9 7 0 0.36794565626421299
6 9 7 8 1.32284978990227
6 9 8 7 -1.32284978990227
6 10 0 8 -0.0072443054976458103
6 10 2 4 1.1530928593240299
6 10 4 2 -1.1530928593240299
6 10 8 0 0.0072443054976458103
6 11 0 1 -2.16198200459311
6 11 0 9 0.54850895688980905
6 11 1 0 2.16198200459311
6 11 1 8 -2.1424271985449002
6 11 2 5 -3.3486968825541399
6 11 3 4 -0.31160672248676102
6 11 4 3 0.31160672248676102
6 11 5 2 3.3486968825541399
6 11 7 10 0.61367666147607602
6 11 8 1 2.1424271985449002
6 11 8 9 -0.35863787015101201
6 11 9 0 -0.54850895688980905
6 11 9 8 0.35863787015101201
6 11 10 7 -0.61367666147607602
7 0 1 6 0.34462118420582399
7 0 2 3 2.1695361178021102
7 0 3 2 -2.1695361178021102
7 0 6 1 -0.34462118420582399
7 0 6 9 -0.36794565626421299
7 0 7 8 1.3567866636065
7 0 8 7 -1.3567866636065
7 0 9 6 0.36794565626421299
7 1 7 9 0.306007351984042
7 1 9 7 -0.306007351984042
7 2 3 6 -1.1143896685818699
7 2 6 3 1.1143896685818699
7 4 0 3 -0.25631670604704698
7 4 1 2 -1.52283078149992
7 4 2 1 1.52283078149992
7 4 2 9 0.45915164337171299
7 4 3 0 0.25631670604704698
7 4 3 8 -0.099041242436301094
7 4 5 6 0.58790826503124904
7 4 6 5 -0.58790826503124904
7 4 8 3 0.099041242436301094
7 4 9 2 -0.45915164337171299
7 5 1 3 -0.201907066772198
7 5 3 1 0.201907066772198
7 5 3 9 0.78998217768892498
7 5 9 3 -0.78998217768892498
7 8 0 7 1.3567866636065
7 8 1 6 0.47603599280404901
7 8 2 3 -0.92204812354113097
7 8 3 2 0.92204812354113097
7 8 6 1 -0.47603599280404901
7 8 6 9 -1.32284978990227
7 8 7 0 -1.3567866636065
7 8 9 6 1.32284978990227
7 9 1 7 0.306007351984042
7 9 7 1 -0.306007351984042
7 10 0 1 0.17596647907614499
7 10 0 9 -1.00916724297365
7 10 1 0 -0.17596647907614499
7 10 1 8 0.323680765358967
7 10 2 5 1.90926498763284
7 10 3 4 -0.44779445223429398
7 10 4 3 0.44779445223429398
7 10 5 2 -1.90926498763284
7 10 6 11 -0.61367666147607602
7 10 8 1 -0.323680765358967
7 10 8 9 0.025092614573675801
7 10 9 0 1.00916724297365
7 10 9 8 -0.025092614573675801
7 10 11 6 0.61367666147607602
7 11 1 9 1.4654544401063601
7 11 3 5 0.59289843245097296
7 11 5 3 -0.59289843245097296
7 11 9 1 -1.4654544401063601
8 0 2 4 1.7724798497624099
8 0 4 2 -1.7724798497624099
8 0 6 10 -0.0072443054976458103
8 0 10 6 0.0072443054976458103
8 1 0 1 -0.73554914458456799
8 1 0 9 1.53773069035567
8 1 1 0 0.73554914458456799
8 1 2 5 -0.19905804951653899
8 1 3 4 -0.89846557759490098
8 1 4 3 0.89846557759490098
8 1 5 2 0.19905804951653899
8 1 6 11 -2.1424271985449002
8 1 7 10 0.323680765358967
8 1 8 9 0.96918988243641402
8 1 9 0 -1.53773069035567
8 1 9 8 -0.96918988243641402
8 1 10 7 -0.323680765358967
8 1 11 6 2.1424271985449002
8 2 0 2 0.68674595486155599
8 2 2 0 -0.68674595486155599
8 2 4 6 -1.2217227960303401
8 2 6 4 1.2217227960303401
8 3 0 3 -0.96151610760194495
8 3 1 2 -0.0251220847986213
8 3 2 1 0.0251220847986213
8 3 2 9 0.53793128322925399
8 3 3 0 0.96151610760194495
8 3 4 7 0.099041242436301094
8 3 5 6 -1.3356894568194899
8 3 6 5 1.3356894568194899
8 3 7 4 -0.099041242436301094
8 3 9 2 -0.53793128322925399
8 4 0 4 -0.96163739705352402
8 4 2 10 -0.22067203245497899
8 4 4 0 0.96163739705352402
8 4 10 2 0.22067203245497899
8 5 0 5 -0.487153407246811
8 5 1 4 -0.64397604593205804
8 5 2 11 -0.89883861904900497
8 5 3 10 0.44095247685091199
8 5 4 1 0.64397604593205804
8 5 4 9 0.47933178857888398
8 5 5 0 0.487153407246811
8 5 9 4 -0.47933178857888398
8 5 10 3 -0.44095247685091199
8 5 11 2 0.89883861904900497
8 6 0 6 -1.5079248648477099
8 6 6 0 1.5079248648477099
8 7 0 7 -1.3567866636065
8 7 1 6 -0.47603599280404901
8 7 2 3 0.92204812354113097
8 7 3 2 -0.92204812354113097
8 7 6 1 0.47603599280404901
8 7 6 9 1.32284978990227
8 7 7 0 1.3567866636065
8 7 9 6 -1.32284978990227
8 9 0 1 0.031384707657777303
8 9 0 9 0.27511470838066898
8 9 1 0 -0.031384707657777303
8 9 1 8 0.96918988243641402
8 9 2 5 1.5639963030545501
8 9 3 4 1.14506682810286
8 9 4 3 -1.14506682810286
8 9 5 2 -1.5639963030545501
8 9 6 11 0.35863787015101201
8 9 7 10 -0.025092614573675801
8 9 8 1 -0.96918988243641402
8 9 9 0 -0.27511470838066898
8 9 10 7 0.025092614573675801
8 9 11 6 -0.35863787015101201
8 10 0 10 -0.30422165875039597
8 10 10 0 0.30422165875039597
8 11 0 11 -1.0024266968787601
8 11 1 10 -1.3945108571375899
8 11 4 5 -1.2688920519626401
8 11 5 4 1.2688920519626401
8 11 9 10 -1.36064761408716
8 11 10 1 1.3945108571375899
8 11 10 9 1.36064761408716
8 11 11 0 1.0024266968787601
9 0 0 1 -2.2183213396911299
9 0 1 0 2.2183213396911299
9 0 1 8 -1.53773069035567
9 0 2 5 0.23547374216735201
9 0 3 4 -0.54287350103630905
9 0 4 3 0.54287350103630905
9 0 5 2 -0.23547374216735201
9 0 6 11 0.54850895688980905
9 0 7 10 -1.00916724297365
9 0 8 1 1.53773069035567
9 0 8 9 0.27511470838066898
9 0 9 8 -0.27511470838066898
9 0 10 7 1.00916724297365
9 0 11 6 -0.54850895688980905
9 1 3 5 0.79292140205394901
9 1 5 3 -0.79292140205394901
9 1 7 11 1.4654544401063601
9 1 11 7 -1.4654544401063601
9 2 0 3 1.0598646477726501
9 2 1 2 3.2361407447888202
9 2 2 1 -3.2361407447888202
9 2 3 0 -1.0598646477726501
9 2 3 8 -0.53793128322925399
9 2 4 7 -0.45915164337171299
9 2 5 6 -1.2761950798634401
9 2 6 5 1.2761950798634401
9 2 7 4 0.45915164337171299
9 2 8 3 0.53793128322925399
9 3 1 3 -0.20425192153684599
9 3 3 1 0.20425192153684599
9 3 5 7 -0.78998217768892498
9 3 7 5 0.78998217768892498
9 4 0 5 -0.016232970777922399
9 4 1 4 1.29816320617095
9 4 2 11 -0.577526725478129
9 4 3 10 0.49920904668388399
9 4 4 1 -1.29816320617095
9 4 5 0 0.016232970777922399
9 4 5 8 -0.47933178857888398
9 4 8 5 0.47933178857888398
9 4 10 3 -0.49920904668388399
9 4 11 2 0.577526725478129
9 5 1 5 -0.757975137211644
9 5 3 11 -0.47268698984666102
9 5 5 1 0.757975137211644
9 5 11 3 0.47268698984666102
9 6 0 7 0.36794565626421299
9 6 1 6 1.18210266325722
9 6 2 3 0.025091942740230799
9 6 3 2 -0.025091942740230799
9 6 6 1 -1.18210266325722
9 6 7 0 -0.36794565626421299
9 6 7 8 -1.32284978990227
9 6 8 7 1.32284978990227
9 7 1 7 -0.306007351984042
9 7 7 1 0.306007351984042
9 8 0 1 -0.031384707657777303
9 8 0 9 -0.27511470838066898
9 8 1 0 0.031384707657777303
9 8 1 8 -0.96918988243641402
9 8 2 5 -1.5639963030545501
9 8 3 4 -1.14506682810286
9 8 4 3 1.14506682810286
9 8 5 2 1.5639963030545501
9 8 6 11 -0.35863787015101201
9 8 7 10 0.025092614573675801
9 8 8 1 0.96918988243641402
9 8 9 0 0.27511470838066898
9 8 10 7 -0.025092614573675801
9 8 11 6 0.35863787015101201
9 10 0 11 -0.060499742646984697
9 10 1 10 1.16531114172103
9 10 4 5 0.81570230758485296
9 10 5 4 -0.81570230758485296
9 10 8 11 1.36064761408716
9 10 10 1 -1.16531114172103
9 10 11 0 0.060499742646984697
9 10 11 8 -1.36064761408716
9 11 1 11 0.49148302338807198
9 11 11 1 -0.49148302338807198
10 0 8 10 -0.30422165875039597
10 0 10 8 0.30422165875039597
10 1 0 11 -0.227820293820441
10 1 4 5 1.0766162857016901
10 1 5 4 -1.0766162857016901
10 1 8 11 -1.3945108571375899
10 1 9 10 1.16531114172103
10 1 10 9 -1.16531114172103
10 1 11 0 0.227820293820441
10 1 11 8 1.3945108571375899
10 2 0 4 0.30774881712587598
10 2 4 0 -0.30774881712587598
10 2 4 8 0.22067203245497899
10 2 8 4 -0.22067203245497899
10 3 0 5 0.037955231973803197
10 3 1 4 0.75072652619851599
10 3 2 11 -0.75979139841937005
10 3 4 1 -0.75072652619851599
10 3 4 9 -0.49920904668388399
10 3 5 0 -0.037955231973803197
10 3 5 8 -0.44095247685091199
10 3 8 5 0.44095247685091199
10 3 9 4 0.49920904668388399
10 3 11 2 0.75979139841937005
10 5 4 11 -1.40851397302974
10 5 11 4 1.40851397302974
10 6 0 8 0.0072443054976458103
10 6 2 4 -1.1530928593240299
10 6 4 2 1.1530928593240299
10 6 8 0 -0.0072443054976458103
10 7 0 1 -0.17596647907614499
10 7 0 9 1.00916724297365
10 7 1 0 0.17596647907614499
10 7 1 8 -0.323680765358967
10 7 2 5 -1.90926498763284
10 7 3 4 0.44779445223429398
10 7 4 3 -0.44779445223429398
10 7 5 2 1.90926498763284
10 7 6 11 0.61367666147607602
10 7 8 1 0.323680765358967
10 7 8 9 -0.025092614573675801
10 7 9 0 -1.00916724297365
10 7 9 8 0.025092614573675801
10 7 11 6 -0.61367666147607602
10 8 0 10 0.30422165875039597
10 8 10 0 -0.30422165875039597
10 9 0 11 0.060499742646984697
10 9 1 10 -1.16531114172103
10 9 4 5 -0.81570230758485296
10 9 5 4 0.81570230758485296
10 9 8 11 -1.36064761408716
10 9 10 1 1.16531114172103
10 9 11 0 -0.060499742646984697
10 9 11 8 1.36064761408716
11 0 1 10 0.227820293820441
11 0 4 5 -1.4042137414095599
11 0 5 4 1.4042137414095599
11 0 8 11 -1.0024266968787601
11 0 9 10 -0.060499742646984697
11 0 10 1 -0.227820293820441
11 0 10 9 0.060499742646984697
11 0 11 8 1.0024266968787601
11 1 9 11 0.49148302338807198
11 1 11 9 -0.49148302338807198
11 2 0 5 0.65002152780483202
11 2 1 4 0.26985813610110498
11 2 3 10 0.75979139841937005
11 2 4 1 -0.26985813610110498
11 2 4 9 0.577526725478129
11 2 5 0 -0.65002152780483202
11 2 5 8 0.89883861904900497
11 2 8 5 -0.89883861904900497
11 2 9 4 -0.577526725478129
11 2 10 3 -0.75979139841937005
11 3 1 5 -0.19860414736965501
11 3 5 1 0.19860414736965501
11 3 5 9 0.47268698984666102
11 3 9 5 -0.47268698984666102
11 4 5 10 1.40851397302974
11 4 10 5 -1.40851397302974
11 6 0 1 2.16198200459311
11 6 0 9 -0.54850895688980905
11 6 1 0 -2.16198200459311
11 6 1 8 2.1424271985449002
11 6 2 5 3.3486968825541399
11 6 3 4 0.31160672248676102
11 6 4 3 -0.31160672248676102
11 6 5 2 -3.3486968825541399
11 6 7 10 -0.61367666147607602
11 6 8 1 -2.1424271985449002
11 6 8 9 0.35863787015101201
11 6 9 0 0.54850895688980905
11 6 9 8 -0.35863787015101201
11 6 10 7 0.61367666147607602
11 7 1 9 -1.4654544401063601
11 7 3 5 -0.59289843245097296
11 7 5 3 0.59289843245097296
11 7 9 1 1.4654544401063601
11 8 0 11 1.0024266968787601
11 8 1 10 1.3945108571375899
11 8 4 5 1.2688920519626401
11 8 5 4 -1.2688920519626401
11 8 9 10 1.36064761408716
11 8 10 1 -1.3945108571375899
11 8 10 9 -1.36064761408716
11 8 11 0 -1.0024266968787601
11 9 1 11 -0.49148302338807198
11 9 11 1 0.49148302338807198
