3.2553786302963967
0 0 3.4480942808347637
0 8 6.2368098109186985
1 1 6.554496088432777
1 9 -4.1972272241636484
2 2 -3.2891406254822471
3 3 1.5649515576302155
4 4 6.2724903169178612
5 5 2.7112408732543103
6 6 -8.3857287071648816
7 7 4.4833480926012479
8 0 6.2368098109186985
8 8 -0.7612498703500763
9 1 -4.1972272241636475
9 9 -6.7901513404901337
10 10 -2.4407310930336079
11 11 -4.1615000389415986
0 1 0 1 16.735485458229974
0 1 0 9 -10.388814834843078
0 1 1 0 -16.735485458229974
0 1 1 8 -7.1011873222217368
0 1 2 5 2.8993951512296952
0 1 3 4 0.914579353627609
0 1 4 3 -0.914579353627609
0 1 5 2 -2.8993951512296952
0 1 6 11 -11.431142711652646
0 1 7 10 -2.4958769756522901
0 1 8 1 7.1011873222217368
0 1 8 9 3.6457525680045881
0 1 9 0 10.388814834843078
0 1 9 8 -3.6457525680045881
0 1 10 7 2.4958769756522901
0 1 11 6 11.431142711652646
0 2 0 2 -23.918739481973073
0 2 2 0 23.918739481973073
0 2 2 8 1.6035502977654834
0 2 4 6 -6.7332031196242186
0 2 6 4 6.7332031196242186
0 2 8 2 -1.6035502977654834
0 3 0 3 -4.6831323869951325
0 3 1 2 5.5315632329008135
0 3 2 1 -5.5315632329008135
0 3 2 9 1.7752377998630315
0 3 3 0 4.6831323869951325
0 3 3 8 -1.7685025547315996
0 3 4 7 5.7221559928397738
0 3 5 6 1.5770585616621431
0 3 6 5 -1.5770585616621431
0 3 7 4 -5.7221559928397738
0 3 8 3 1.7685025547315996
0 3 9 2 -1.7752377998630315
0 4 0 4 -13.556819534019416
0 4 2 10 -1.8508661631712231
0 4 4 0 13.556819534019416
0 4 4 8 3.164536941303874
0 4 8 4 -3.164536941303874
0 4 10 2 1.8508661631712231
0 5 0 5 -4.0972664348737675
0 5 1 4 -8.7554743288136656
0 5 2 11 -0.97094603519565326
0 5 3 10 4.8325056012193235
0 5 4 1 8.7554743288136656
0 5 4 9 3.0354047000097371
0 5 5 0 4.0972664348737675
0 5 5 8 -10.026861119905149
0 5 8 5 10.026861119905149
0 5 9 4 -3.0354047000097371
0 5 10 3 -4.8325056012193235
0 5 11 2 0.97094603519565326
0 6 0 6 -1.2879042923695638
0 6 6 0 1.2879042923695638
0 6 6 8 5.5487746003942089
0 6 8 6 -5.5487746003942089
0 7 0 7 7.1222613661108944
0 7 1 6 3.3404682839400075
0 7 2 3 -6.101229686204114
0 7 3 2 6.101229686204114
0 7 6 1 -3.3404682839400075
0 7 6 9 1.3422129024812852
0 7 7 0 -7.1222613661108944
0 7 7 8 -0.51148853481274759
0 7 8 7 0.51148853481274759
0 7 9 6 -1.3422129024812852
0 8 0 8 5.6933387021902249
0 8 2 4 4.8928090081724527
0 8 4 2 -4.8928090081724527
0 8 6 10 2.891344592502687
0 8 8 0 -5.6933387021902249
0 8 10 6 -2.891344592502687
0 9 0 1 -10.388814834843073
0 9 0 9 -17.387297838032197
0 9 1 0 10.388814834843073
0 9 1 8 -18.195630229454796
0 9 2 5 -4.7728864200395433
0 9 3 4 -1.3894840880917392
0 9 4 3 1.3894840880917392
0 9 5 2 4.7728864200395433
0 9 6 11 8.3843031926531211
0 9 7 10 0.34242261491911408
0 9 8 1 18.195630229454796
0 9 8 9 -7.8535102215849326
0 9 9 0 17.387297838032197
0 9 9 8 7.8535102215849326
0 9 10 7 -0.34242261491911408
0 9 11 6 -8.3843031926531211
0 10 0 10 -6.7400312500269868
0 10 8 10 3.0337636042041507
0 10 10 0 6.7400312500269868
0 10 10 8 -3.0337636042041507
0 11 0 11 -3.5158590968906203
0 11 1 10 4.8944847833445122
0 11 4 5 -9.2233426063128423
0 11 5 4 9.2233426063128423
0 11 8 11 -3.1850494738784252
0 11 9 10 1.249483522738267
0 11 10 1 -4.8944847833445122
0 11 10 9 -1.249483522738267
0 11 11 0 3.5158590968906203
0 11 11 8 3.1850494738784252
1 0 0 1 -16.735485458229974
1 0 0 9 10.388814834843078
1 0 1 0 16.735485458229974
1 0 1 8 7.1011873222217368
1 0 2 5 -2.8993951512296952
1 0 3 4 -0.914579353627609
1 0 4 3 0.914579353627609
1 0 5 2 2.8993951512296952
1 0 6 11 11.431142711652646
1 0 7 10 2.4958769756522901
1 0 8 1 -7.1011873222217368
1 0 8 9 -3.6457525680045881
1 0 9 0 -10.388814834843078
1 0 9 8 3.6457525680045881
1 0 10 7 -2.4958769756522901
1 0 11 6 -11.431142711652646
1 2 0 3 5.5315632329008118
1 2 1 2 0.56665757319233456
1 2 2 1 -0.56665757319233456
1 2 2 9 11.753379020614378
1 2 3 0 -5.5315632329008118
1 2 3 8 2.3416796118560685
1 2 4 7 0.38769529894493582
1 2 5 6 -17.750972687156988
1 2 6 5 17.750972687156988
1 2 7 4 -0.38769529894493582
1 2 8 3 -2.3416796118560685
1 2 9 2 -11.753379020614378
1 3 1 3 0.57864304718659132
1 3 3 1 -0.57864304718659132
1 3 3 9 -1.1580489789376078
1 3 5 7 -0.20080022323313818
1 3 7 5 0.20080022323313818
1 3 9 3 1.1580489789376078
1 4 0 5 -8.7554743288136674
1 4 1 4 7.1619776933172012
1 4 2 11 -3.649217331552657
1 4 3 10 7.5604065355394354
1 4 4 1 -7.1619776933172012
1 4 4 9 4.0510524573883853
1 4 5 0 8.7554743288136674
1 4 5 8 -7.3056134682031972
1 4 8 5 7.3056134682031972
1 4 9 4 -4.0510524573883853
1 4 10 3 -7.5604065355394354
1 4 11 2 3.649217331552657
1 5 1 5 -1.0782233577263161
1 5 3 11 4.7004281659874634
1 5 5 1 1.0782233577263161
1 5 5 9 2.2989033852087268
1 5 9 5 -2.2989033852087268
1 5 11 3 -4.7004281659874634
1 6 0 7 3.3404682839400071
1 6 1 6 -2.7988653362120948
1 6 2 3 -0.95580602992409358
1 6 3 2 0.95580602992409358
1 6 6 1 2.7988653362120948
1 6 6 9 -0.82402705703817491
1 6 7 0 -3.3404682839400071
1 6 7 8 -2.6542188769812078
1 6 8 7 2.6542188769812078
1 6 9 6 0.82402705703817491
1 7 1 7 -2.9179837328127722
1 7 7 1 2.9179837328127722
1 7 7 9 -1.8092272207872282
1 7 9 7 1.8092272207872282
1 8 0 1 -7.1011873222217368
1 8 0 9 -18.195630229454792
1 8 1 0 7.1011873222217368
1 8 1 8 -9.3458807841897418
1 8 2 5 -1.052863654204498
1 8 3 4 3.3269637473264697
1 8 4 3 -3.3269637473264697
1 8 5 2 1.052863654204498
1 8 6 11 8.9356869276767945
1 8 7 10 0.59349649646086378
1 8 8 1 9.3458807841897418
1 8 8 9 -7.6400738596849331
1 8 9 0 18.195630229454792
1 8 9 8 7.6400738596849331
1 8 10 7 -0.59349649646086378
1 8 11 6 -8.9356869276767945
1 9 1 9 -1.3470122610628188
1 9 3 5 0.68326654452083213
1 9 5 3 -0.68326654452083213
1 9 7 11 -2.1388169748394854
1 9 9 1 1.3470122610628188
1 9 11 7 2.1388169748394854
1 10 0 11 4.8944847833445113
1 10 1 10 -7.1763188769031991
1 10 4 5 -5.6061276435795069
1 10 5 4 5.6061276435795069
1 10 8 11 -1.273957712352882
1 10 9 10 -2.3427016837637726
1 10 10 1 7.1763188769031991
1 10 10 9 2.3427016837637726
1 10 11 0 -4.8944847833445113
1 10 11 8 1.273957712352882
1 11 1 11 0.11718341001045396
1 11 9 11 1.8956252745460453
1 11 11 1 -0.11718341001045396
1 11 11 9 -1.8956252745460453
2 0 0 2 23.918739481973073
2 0 2 0 -23.918739481973073
2 0 2 8 -1.6035502977654834
2 0 4 6 6.7332031196242186
2 0 6 4 -6.7332031196242186
2 0 8 2 1.6035502977654834
2 1 0 3 -5.5315632329008118
2 1 1 2 -0.56665757319233456
2 1 2 1 0.56665757319233456
2 1 2 9 -11.753379020614378
2 1 3 0 5.5315632329008118
2 1 3 8 -2.3416796118560685
2 1 4 7 -0.38769529894493582
2 1 5 6 17.750972687156988
2 1 6 5 -17.750972687156988
2 1 7 4 0.38769529894493582
2 1 8 3 2.3416796118560685
2 1 9 2 11.753379020614378
2 3 0 7 -6.1012296862041131
2 3 1 6 -0.95580602992409336
2 3 2 3 -3.9726515557394784
2 3 3 2 3.9726515557394784
2 3 6 1 0.95580602992409336
2 3 6 9 -2.8621604978805664
2 3 7 0 6.1012296862041131
2 3 7 8 -7.9392767384018956
2 3 8 7 7.9392767384018956
2 3 9 6 2.8621604978805664
2 4 0 8 4.8928090081724518
2 4 2 4 3.1560468846672105
2 4 4 2 -3.1560468846672105
2 4 6 10 -11.476161254372904
2 4 8 0 -4.8928090081724518
2 4 10 6 11.476161254372904
2 5 0 1 2.8993951512296952
2 5 0 9 -4.7728864200395442
2 5 1 0 -2.8993951512296952
2 5 1 8 -1.0528636542044989
2 5 2 5 -13.505633913686982
2 5 3 4 -0.22853133896175426
2 5 4 3 0.22853133896175426
2 5 5 2 13.505633913686982
2 5 6 11 -0.15992139455028939
2 5 7 10 -3.9852708851598164
2 5 8 1 1.0528636542044989
2 5 8 9 -1.277924370413638
2 5 9 0 4.7728864200395442
2 5 9 8 1.277924370413638
2 5 10 7 3.9852708851598164
2 5 11 6 0.15992139455028939
2 6 2 6 -5.5915420762271744
2 6 6 2 5.5915420762271744
2 7 2 7 3.7348363472887733
2 7 3 6 3.5204461699315628
2 7 6 3 -3.5204461699315628
2 7 7 2 -3.7348363472887733
2 8 0 2 1.6035502977654843
2 8 2 0 -1.6035502977654843
2 8 2 8 1.2132199533432193
2 8 4 6 -6.6592873125784608
2 8 6 4 6.6592873125784608
2 8 8 2 -1.2132199533432193
2 9 0 3 1.7752377998630313
2 9 1 2 11.753379020614378
2 9 2 1 -11.753379020614378
2 9 2 9 6.4001566613734138
2 9 3 0 -1.7752377998630313
2 9 3 8 -1.6860024322136564
2 9 4 7 3.0377134630318778
2 9 5 6 1.7001319676953752
2 9 6 5 -1.7001319676953752
2 9 7 4 -3.0377134630318778
2 9 8 3 1.6860024322136564
2 9 9 2 -6.4001566613734138
2 10 0 4 -1.8508661631712222
2 10 2 10 -4.4166027181062759
2 10 4 0 1.8508661631712222
2 10 4 8 -4.2665965603938272
2 10 8 4 4.2665965603938272
2 10 10 2 4.4166027181062759
2 11 0 5 -0.97094603519565326
2 11 1 4 -3.649217331552657
2 11 2 11 -12.931466531404329
2 11 3 10 -1.2731489718129407
2 11 4 1 3.649217331552657
2 11 4 9 -2.1197080292898027
2 11 5 0 0.97094603519565326
2 11 5 8 -1.0464715141989105
2 11 8 5 1.0464715141989105
2 11 9 4 2.1197080292898027
2 11 10 3 1.2731489718129407
2 11 11 2 12.931466531404329
3 0 0 3 4.6831323869951325
3 0 1 2 -5.5315632329008135
3 0 2 1 5.5315632329008135
3 0 2 9 -1.7752377998630315
3 0 3 0 -4.6831323869951325
3 0 3 8 1.7685025547315996
3 0 4 7 -5.7221559928397738
3 0 5 6 -1.5770585616621431
3 0 6 5 1.5770585616621431
3 0 7 4 5.7221559928397738
3 0 8 3 -1.7685025547315996
3 0 9 2 1.7752377998630315
3 1 1 3 -0.57864304718659132
3 1 3 1 0.57864304718659132
3 1 3 9 1.1580489789376078
3 1 5 7 0.20080022323313818
3 1 7 5 -0.20080022323313818
3 1 9 3 -1.1580489789376078
3 2 0 7 6.1012296862041131
3 2 1 6 0.95580602992409336
3 2 2 3 3.9726515557394784
3 2 3 2 -3.9726515557394784
3 2 6 1 -0.95580602992409336
3 2 6 9 2.8621604978805664
3 2 7 0 -6.1012296862041131
3 2 7 8 7.9392767384018956
3 2 8 7 -7.9392767384018956
3 2 9 6 -2.8621604978805664
3 4 0 1 0.91457935362760923
3 4 0 9 -1.389484088091739
3 4 1 0 -0.91457935362760923
3 4 1 8 3.326963747326471
3 4 2 5 -0.22853133896175404
3 4 3 4 9.3998116160521281
3 4 4 3 -9.3998116160521281
3 4 5 2 0.22853133896175404
3 4 6 11 -4.9824919591305949
3 4 7 10 1.4985254641490953
3 4 8 1 -3.326963747326471
3 4 8 9 5.9126166673008909
3 4 9 0 1.389484088091739
3 4 9 8 -5.9126166673008909
3 4 10 7 -1.4985254641490953
3 4 11 6 4.9824919591305949
3 5 1 9 0.68326654452083169
3 5 3 5 3.9641095341884878
3 5 5 3 -3.9641095341884878
3 5 7 11 2.7060505139933859
3 5 9 1 -0.68326654452083169
3 5 11 7 -2.7060505139933859
3 6 2 7 3.5204461699315619
3 6 3 6 0.49371101243821142
3 6 6 3 -0.49371101243821142
3 6 7 2 -3.5204461699315619
3 7 3 7 6.2331474801320432
3 7 7 3 -6.2331474801320432
3 8 0 3 -1.7685025547315991
3 8 1 2 2.3416796118560685
3 8 2 1 -2.3416796118560685
3 8 2 9 -1.686002432213656
3 8 3 0 1.7685025547315991
3 8 3 8 -0.40694648319440685
3 8 4 7 0.58808286719544767
3 8 5 6 -5.8685951832188703
3 8 6 5 5.8685951832188703
3 8 7 4 -0.58808286719544767
3 8 8 3 0.40694648319440685
3 8 9 2 1.686002432213656
3 9 1 3 -1.1580489789376083
3 9 3 1 1.1580489789376083
3 9 3 9 -4.0425629857833858
3 9 5 7 5.0799817870310857
3 9 7 5 -5.0799817870310857
3 9 9 3 4.0425629857833858
3 10 0 5 4.8325056012193226
3 10 1 4 7.5604065355394345
3 10 2 11 -1.2731489718129403
3 10 3 10 -1.3577639894866627
3 10 4 1 -7.5604065355394345
3 10 4 9 0.65792637040619217
3 10 5 0 -4.8325056012193226
3 10 5 8 -6.3624387939960929
3 10 8 5 6.3624387939960929
3 10 9 4 -0.65792637040619217
3 10 10 3 1.3577639894866627
3 10 11 2 1.2731489718129403
3 11 1 5 4.7004281659874625
3 11 3 11 3.5308083487087685
3 11 5 1 -4.7004281659874625
3 11 5 9 -9.2668070208699369
3 11 9 5 9.2668070208699369
3 11 11 3 -3.5308083487087685
4 0 0 4 13.556819534019416
4 0 2 10 1.8508661631712231
4 0 4 0 -13.556819534019416
4 0 4 8 -3.164536941303874
4 0 8 4 3.164536941303874
4 0 10 2 -1.8508661631712231
4 1 0 5 8.7554743288136674
4 1 1 4 -7.1619776933172012
4 1 2 11 3.649217331552657
4 1 3 10 -7.5604065355394354
4 1 4 1 7.1619776933172012
4 1 4 9 -4.0510524573883853
4 1 5 0 -8.7554743288136674
4 1 5 8 7.3056134682031972
4 1 8 5 -7.3056134682031972
4 1 9 4 4.0510524573883853
4 1 10 3 7.5604065355394354
4 1 11 2 -3.649217331552657
4 2 0 8 -4.8928090081724518
4 2 2 4 -3.1560468846672105
4 2 4 2 3.1560468846672105
4 2 6 10 11.476161254372904
4 2 8 0 4.8928090081724518
4 2 10 6 -11.476161254372904
4 3 0 1 -0.91457935362760923
4 3 0 9 1.389484088091739
4 3 1 0 0.91457935362760923
4 3 1 8 -3.326963747326471
4 3 2 5 0.22853133896175404
4 3 3 4 -9.3998116160521281
4 3 4 3 9.3998116160521281
4 3 5 2 -0.22853133896175404
4 3 6 11 4.9824919591305949
4 3 7 10 -1.4985254641490953
4 3 8 1 3.326963747326471
4 3 8 9 -5.9126166673008909
4 3 9 0 -1.389484088091739
4 3 9 8 5.9126166673008909
4 3 10 7 1.4985254641490953
4 3 11 6 -4.9824919591305949
4 5 0 11 -9.2233426063128405
4 5 1 10 -5.6061276435795078
4 5 4 5 -5.7405054823665047
4 5 5 4 5.7405054823665047
4 5 8 11 -0.31911027695323757
4 5 9 10 -4.0191403121282887
4 5 10 1 5.6061276435795078
4 5 10 9 4.0191403121282887
4 5 11 0 9.2233426063128405
4 5 11 8 0.31911027695323757
4 6 0 2 -6.7332031196242186
4 6 2 0 6.7332031196242186
4 6 2 8 -6.6592873125784617
4 6 4 6 -0.68896156745633719
4 6 6 4 0.68896156745633719
4 6 8 2 6.6592873125784617
4 7 0 3 5.7221559928397738
4 7 1 2 0.38769529894493582
4 7 2 1 -0.38769529894493582
4 7 2 9 3.0377134630318778
4 7 3 0 -5.7221559928397738
4 7 3 8 0.588082867195448
4 7 4 7 0.23719619852157292
4 7 5 6 -1.7896751775252491
4 7 6 5 1.7896751775252491
4 7 7 4 -0.23719619852157292
4 7 8 3 -0.588082867195448
4 7 9 2 -3.0377134630318778
4 8 0 4 3.164536941303874
4 8 2 10 -4.2665965603938263
4 8 4 0 -3.164536941303874
4 8 4 8 -5.365742254049171
4 8 8 4 5.365742254049171
4 8 10 2 4.2665965603938263
4 9 0 5 3.0354047000097371
4 9 1 4 4.0510524573883853
4 9 2 11 -2.1197080292898023
4 9 3 10 0.65792637040619284
4 9 4 1 -4.0510524573883853
4 9 4 9 -1.5372301040913838
4 9 5 0 -3.0354047000097371
4 9 5 8 -4.2143713127522133
4 9 8 5 4.2143713127522133
4 9 9 4 1.5372301040913838
4 9 10 3 -0.65792637040619284
4 9 11 2 2.1197080292898023
4 10 4 10 -6.3213953131855618
4 10 10 4 6.3213953131855618
4 11 4 11 -0.64783752393877125
4 11 5 10 3.4277358822280077
4 11 10 5 -3.4277358822280077
4 11 11 4 0.64783752393877125
5 0 0 5 4.0972664348737675
5 0 1 4 8.7554743288136656
5 0 2 11 0.97094603519565326
5 0 3 10 -4.8325056012193235
5 0 4 1 -8.7554743288136656
5 0 4 9 -3.0354047000097371
5 0 5 0 -4.0972664348737675
5 0 5 8 10.026861119905149
5 0 8 5 -10.026861119905149
5 0 9 4 3.0354047000097371
5 0 10 3 4.8325056012193235
5 0 11 2 -0.97094603519565326
5 1 1 5 1.0782233577263161
5 1 3 11 -4.7004281659874634
5 1 5 1 -1.0782233577263161
5 1 5 9 -2.2989033852087268
5 1 9 5 2.2989033852087268
5 1 11 3 4.7004281659874634
5 2 0 1 -2.8993951512296952
5 2 0 9 4.7728864200395442
5 2 1 0 2.8993951512296952
5 2 1 8 1.0528636542044989
5 2 2 5 13.505633913686982
5 2 3 4 0.22853133896175426
5 2 4 3 -0.22853133896175426
5 2 5 2 -13.505633913686982
5 2 6 11 0.15992139455028939
5 2 7 10 3.9852708851598164
5 2 8 1 -1.0528636542044989
5 2 8 9 1.277924370413638
5 2 9 0 -4.7728864200395442
5 2 9 8 -1.277924370413638
5 2 10 7 -3.9852708851598164
5 2 11 6 -0.15992139455028939
5 3 1 9 -0.68326654452083169
5 3 3 5 -3.9641095341884878
5 3 5 3 3.9641095341884878
5 3 7 11 -2.7060505139933859
5 3 9 1 0.68326654452083169
5 3 11 7 2.7060505139933859
5 4 0 11 9.2233426063128405
5 4 1 10 5.6061276435795078
5 4 4 5 5.7405054823665047
5 4 5 4 -5.7405054823665047
5 4 8 11 0.31911027695323757
5 4 9 10 4.0191403121282887
5 4 10 1 -5.6061276435795078
5 4 10 9 -4.0191403121282887
5 4 11 0 -9.2233426063128405
5 4 11 8 -0.31911027695323757
5 6 0 3 1.5770585616621435
5 6 1 2 -17.750972687156988
5 6 2 1 17.750972687156988
5 6 2 9 1.7001319676953754
5 6 3 0 -1.5770585616621435
5 6 3 8 -5.8685951832188721
5 6 4 7 -1.7896751775252486
5 6 5 6 -15.024835516865139
5 6 6 5 15.024835516865139
5 6 7 4 1.7896751775252486
5 6 8 3 5.8685951832188721
5 6 9 2 -1.7001319676953754
5 7 1 3 -0.20080022323313773
5 7 3 1 0.20080022323313773
5 7 3 9 5.0799817870310848
5 7 5 7 3.847946555862821
5 7 7 5 -3.847946555862821
5 7 9 3 -5.0799817870310848
5 8 0 5 -10.026861119905147
5 8 1 4 -7.3056134682031981
5 8 2 11 -1.0464715141989105
5 8 3 10 -6.3624387939960929
5 8 4 1 7.3056134682031981
5 8 4 9 -4.2143713127522142
5 8 5 0 10.026861119905147
5 8 5 8 9.5185497119449582
5 8 8 5 -9.5185497119449582
5 8 9 4 4.2143713127522142
5 8 10 3 6.3624387939960929
5 8 11 2 1.0464715141989105
5 9 1 5 2.2989033852087264
5 9 3 11 -9.2668070208699387
5 9 5 1 -2.2989033852087264
5 9 5 9 3.0318548813796564
5 9 9 5 -3.0318548813796564
5 9 11 3 9.2668070208699387
5 10 4 11 3.4277358822280073
5 10 5 10 -1.392780228546419
5 10 10 5 1.392780228546419
5 10 11 4 -3.4277358822280073
5 11 5 11 -2.194902899212936
5 11 11 5 2.194902899212936
6 0 0 6 1.2879042923695638
6 0 6 0 -1.2879042923695638
6 0 6 8 -5.5487746003942089
6 0 8 6 5.5487746003942089
6 1 0 7 -3.3404682839400071
6 1 1 6 2.7988653362120948
6 1 2 3 0.95580602992409358
6 1 3 2 -0.95580602992409358
6 1 6 1 -2.7988653362120948
6 1 6 9 0.82402705703817491
6 1 7 0 3.3404682839400071
6 1 7 8 2.6542188769812078
6 1 8 7 -2.6542188769812078
6 1 9 6 -0.82402705703817491
6 2 2 6 5.5915420762271744
6 2 6 2 -5.5915420762271744
6 3 2 7 -3.5204461699315619
6 3 3 6 -0.49371101243821142
6 3 6 3 0.49371101243821142
6 3 7 2 3.5204461699315619
6 4 0 2 6.7332031196242186
6 4 2 0 -6.7332031196242186
6 4 2 8 6.6592873125784617
6 4 4 6 0.68896156745633719
6 4 6 4 -0.68896156745633719
6 4 8 2 -6.6592873125784617
6 5 0 3 -1.5770585616621435
6 5 1 2 17.750972687156988
6 5 2 1 -17.750972687156988
6 5 2 9 -1.7001319676953754
6 5 3 0 1.5770585616621435
6 5 3 8 5.8685951832188721
6 5 4 7 1.7896751775252486
6 5 5 6 15.024835516865139
6 5 6 5 -15.024835516865139
6 5 7 4 -1.7896751775252486
6 5 8 3 -5.8685951832188721
6 5 9 2 1.7001319676953754
6 7 6 7 0.072944630507828651
6 7 7 6 -0.072944630507828651
6 8 0 6 5.5487746003942107
6 8 6 0 -5.5487746003942107
6 8 6 8 3.9185795308803195
6 8 8 6 -3.9185795308803195
6 9 0 7 1.3422129024812857
6 9 1 6 -0.82402705703817514
6 9 2 3 -2.8621604978805664
6 9 3 2 2.8621604978805664
6 9 6 1 0.82402705703817514
6 9 6 9 3.4688616609690115
6 9 7 0 -1.3422129024812857
6 9 7 8 -1.7791228951427109
6 9 8 7 1.7791228951427109
6 9 9 6 -3.4688616609690115
6 10 0 8 2.891344592502687
6 10 2 4 -11.476161254372904
6 10 4 2 11.476161254372904
6 10 6 10 0.17914557854210322
6 10 8 0 -2.891344592502687
6 10 10 6 -0.17914557854210322
6 11 0 1 -11.431142711652646
6 11 0 9 8.3843031926531228
6 11 1 0 11.431142711652646
6 11 1 8 8.9356869276767981
6 11 2 5 -0.15992139455028909
6 11 3 4 -4.9824919591305949
6 11 4 3 4.9824919591305949
6 11 5 2 0.15992139455028909
6 11 6 11 5.3518737814195694
6 11 7 10 -2.7062185471668809
6 11 8 1 -8.9356869276767981
6 11 8 9 4.1761339799049884
6 11 9 0 -8.3843031926531228
6 11 9 8 -4.1761339799049884
6 11 10 7 2.7062185471668809
6 11 11 6 -5.3518737814195694
7 0 0 7 -7.1222613661108944
7 0 1 6 -3.3404682839400075
7 0 2 3 6.101229686204114
7 0 3 2 -6.101229686204114
7 0 6 1 3.3404682839400075
7 0 6 9 -1.3422129024812852
7 0 7 0 7.1222613661108944
7 0 7 8 0.51148853481274759
7 0 8 7 -0.51148853481274759
7 0 9 6 1.3422129024812852
7 1 1 7 2.9179837328127722
7 1 7 1 -2.9179837328127722
7 1 7 9 1.8092272207872282
7 1 9 7 -1.8092272207872282
7 2 2 7 -3.7348363472887733
7 2 3 6 -3.5204461699315628
7 2 6 3 3.5204461699315628
7 2 7 2 3.7348363472887733
7 3 3 7 -6.2331474801320432
7 3 7 3 6.2331474801320432
7 4 0 3 -5.7221559928397738
7 4 1 2 -0.38769529894493582
7 4 2 1 0.38769529894493582
7 4 2 9 -3.0377134630318778
7 4 3 0 5.7221559928397738
7 4 3 8 -0.588082867195448
7 4 4 7 -0.23719619852157292
7 4 5 6 1.7896751775252491
7 4 6 5 -1.7896751775252491
7 4 7 4 0.23719619852157292
7 4 8 3 0.588082867195448
7 4 9 2 3.0377134630318778
7 5 1 3 0.20080022323313773
7 5 3 1 -0.20080022323313773
7 5 3 9 -5.0799817870310848
7 5 5 7 -3.847946555862821
7 5 7 5 3.847946555862821
7 5 9 3 5.0799817870310848
7 6 6 7 -0.072944630507828651
7 6 7 6 0.072944630507828651
7 8 0 7 -0.51148853481274714
7 8 1 6 -2.6542188769812078
7 8 2 3 -7.9392767384018939
7 8 3 2 7.9392767384018939
7 8 6 1 2.6542188769812078
7 8 6 9 -1.7791228951427109
7 8 7 0 0.51148853481274714
7 8 7 8 -4.5503064179319992
7 8 8 7 4.5503064179319992
7 8 9 6 1.7791228951427109
7 9 1 7 -1.8092272207872284
7 9 7 1 1.8092272207872284
7 9 7 9 7.0402874666786506
7 9 9 7 -7.0402874666786506
7 10 0 1 -2.4958769756522905
7 10 0 9 0.34242261491911385
7 10 1 0 2.4958769756522905
7 10 1 8 0.59349649646086355
7 10 2 5 -3.9852708851598164
7 10 3 4 1.4985254641490959
7 10 4 3 -1.4985254641490959
7 10 5 2 3.9852708851598164
7 10 6 11 -2.7062185471668809
7 10 7 10 -1.8749714734660596
7 10 8 1 -0.59349649646086355
7 10 8 9 -6.9169113099079027
7 10 9 0 -0.34242261491911385
7 10 9 8 6.9169113099079027
7 10 10 7 1.8749714734660596
7 10 11 6 2.7062185471668809
7 11 1 9 -2.1388169748394854
7 11 3 5 2.7060505139933864
7 11 5 3 -2.7060505139933864
7 11 7 11 1.4050442813813002
7 11 9 1 2.1388169748394854
7 11 11 7 -1.4050442813813002
8 0 0 8 -5.6933387021902249
8 0 2 4 -4.8928090081724527
8 0 4 2 4.8928090081724527
8 0 6 10 -2.891344592502687
8 0 8 0 5.6933387021902249
8 0 10 6 2.891344592502687
8 1 0 1 7.1011873222217368
8 1 0 9 18.195630229454792
8 1 1 0 -7.1011873222217368
8 1 1 8 9.3458807841897418
8 1 2 5 1.052863654204498
8 1 3 4 -3.3269637473264697
8 1 4 3 3.3269637473264697
8 1 5 2 -1.052863654204498
8 1 6 11 -8.9356869276767945
8 1 7 10 -0.59349649646086378
8 1 8 1 -9.3458807841897418
8 1 8 9 7.6400738596849331
8 1 9 0 -18.195630229454792
8 1 9 8 -7.6400738596849331
8 1 10 7 0.59349649646086378
8 1 11 6 8.9356869276767945
8 2 0 2 -1.6035502977654843
8 2 2 0 1.6035502977654843
8 2 2 8 -1.2132199533432193
8 2 4 6 6.6592873125784608
8 2 6 4 -6.6592873125784608
8 2 8 2 1.2132199533432193
8 3 0 3 1.7685025547315991
8 3 1 2 -2.3416796118560685
8 3 2 1 2.3416796118560685
8 3 2 9 1.686002432213656
8 3 3 0 -1.7685025547315991
8 3 3 8 0.40694648319440685
8 3 4 7 -0.58808286719544767
8 3 5 6 5.8685951832188703
8 3 6 5 -5.8685951832188703
8 3 7 4 0.58808286719544767
8 3 8 3 -0.40694648319440685
8 3 9 2 -1.686002432213656
8 4 0 4 -3.164536941303874
8 4 2 10 4.2665965603938263
8 4 4 0 3.164536941303874
8 4 4 8 5.365742254049171
8 4 8 4 -5.365742254049171
8 4 10 2 -4.2665965603938263
8 5 0 5 10.026861119905147
8 5 1 4 7.3056134682031981
8 5 2 11 1.0464715141989105
8 5 3 10 6.3624387939960929
8 5 4 1 -7.3056134682031981
8 5 4 9 4.2143713127522142
8 5 5 0 -10.026861119905147
8 5 5 8 -9.5185497119449582
8 5 8 5 9.5185497119449582
8 5 9 4 -4.2143713127522142
8 5 10 3 -6.3624387939960929
8 5 11 2 -1.0464715141989105
8 6 0 6 -5.5487746003942107
8 6 6 0 5.5487746003942107
8 6 6 8 -3.9185795308803195
8 6 8 6 3.9185795308803195
8 7 0 7 0.51148853481274714
8 7 1 6 2.6542188769812078
8 7 2 3 7.9392767384018939
8 7 3 2 -7.9392767384018939
8 7 6 1 -2.6542188769812078
8 7 6 9 1.7791228951427109
8 7 7 0 -0.51148853481274714
8 7 7 8 4.5503064179319992
8 7 8 7 -4.5503064179319992
8 7 9 6 -1.7791228951427109
8 9 0 1 3.6457525680045886
8 9 0 9 -7.8535102215849335
8 9 1 0 -3.6457525680045886
8 9 1 8 -7.6400738596849331
8 9 2 5 -1.2779243704136385
8 9 3 4 5.9126166673008891
8 9 4 3 -5.9126166673008891
8 9 5 2 1.2779243704136385
8 9 6 11 4.1761339799049892
8 9 7 10 -6.9169113099079027
8 9 8 1 7.6400738596849331
8 9 8 9 1.5583384880535665
8 9 9 0 7.8535102215849335
8 9 9 8 -1.5583384880535665
8 9 10 7 6.9169113099079027
8 9 11 6 -4.1761339799049892
8 10 0 10 3.0337636042041511
8 10 8 10 1.788354837114245
8 10 10 0 -3.0337636042041511
8 10 10 8 -1.788354837114245
8 11 0 11 -3.1850494738784243
8 11 1 10 -1.2739577123528818
8 11 4 5 -0.31911027695323724
8 11 5 4 0.31911027695323724
8 11 8 11 9.8573843448059382
8 11 9 10 -0.33737673200927198
8 11 10 1 1.2739577123528818
8 11 10 9 0.33737673200927198
8 11 11 0 3.1850494738784243
8 11 11 8 -9.8573843448059382
9 0 0 1 10.388814834843073
9 0 0 9 17.387297838032197
9 0 1 0 -10.388814834843073
9 0 1 8 18.195630229454796
9 0 2 5 4.7728864200395433
9 0 3 4 1.3894840880917392
9 0 4 3 -1.3894840880917392
9 0 5 2 -4.7728864200395433
9 0 6 11 -8.3843031926531211
9 0 7 10 -0.34242261491911408
9 0 8 1 -18.195630229454796
9 0 8 9 7.8535102215849326
9 0 9 0 -17.387297838032197
9 0 9 8 -7.8535102215849326
9 0 10 7 0.34242261491911408
9 0 11 6 8.3843031926531211
9 1 1 9 1.3470122610628188
9 1 3 5 -0.68326654452083213
9 1 5 3 0.68326654452083213
9 1 7 11 2.1388169748394854
9 1 9 1 -1.3470122610628188
9 1 11 7 -2.1388169748394854
9 2 0 3 -1.7752377998630313
9 2 1 2 -11.753379020614378
9 2 2 1 11.753379020614378
9 2 2 9 -6.4001566613734138
9 2 3 0 1.7752377998630313
9 2 3 8 1.6860024322136564
9 2 4 7 -3.0377134630318778
9 2 5 6 -1.7001319676953752
9 2 6 5 1.7001319676953752
9 2 7 4 3.0377134630318778
9 2 8 3 -1.6860024322136564
9 2 9 2 6.4001566613734138
9 3 1 3 1.1580489789376083
9 3 3 1 -1.1580489789376083
9 3 3 9 4.0425629857833858
9 3 5 7 -5.0799817870310857
9 3 7 5 5.0799817870310857
9 3 9 3 -4.0425629857833858
9 4 0 5 -3.0354047000097371
9 4 1 4 -4.0510524573883853
9 4 2 11 2.1197080292898023
9 4 3 10 -0.65792637040619284
9 4 4 1 4.0510524573883853
9 4 4 9 1.5372301040913838
9 4 5 0 3.0354047000097371
9 4 5 8 4.2143713127522133
9 4 8 5 -4.2143713127522133
9 4 9 4 -1.5372301040913838
9 4 10 3 0.65792637040619284
9 4 11 2 -2.1197080292898023
9 5 1 5 -2.2989033852087264
9 5 3 11 9.2668070208699387
9 5 5 1 2.2989033852087264
9 5 5 9 -3.0318548813796564
9 5 9 5 3.0318548813796564
9 5 11 3 -9.2668070208699387
9 6 0 7 -1.3422129024812857
9 6 1 6 0.82402705703817514
9 6 2 3 2.8621604978805664
9 6 3 2 -2.8621604978805664
9 6 6 1 -0.82402705703817514
9 6 6 9 -3.4688616609690115
9 6 7 0 1.3422129024812857
9 6 7 8 1.7791228951427109
9 6 8 7 -1.7791228951427109
9 6 9 6 3.4688616609690115
9 7 1 7 1.8092272207872284
9 7 7 1 -1.8092272207872284
9 7 7 9 -7.0402874666786506
9 7 9 7 7.0402874666786506
9 8 0 1 -3.6457525680045886
9 8 0 9 7.8535102215849335
9 8 1 0 3.6457525680045886
9 8 1 8 7.6400738596849331
9 8 2 5 1.2779243704136385
9 8 3 4 -5.9126166673008891
9 8 4 3 5.9126166673008891
9 8 5 2 -1.2779243704136385
9 8 6 11 -4.1761339799049892
9 8 7 10 6.9169113099079027
9 8 8 1 -7.6400738596849331
9 8 8 9 -1.5583384880535665
9 8 9 0 -7.8535102215849335
9 8 9 8 1.5583384880535665
9 8 10 7 -6.9169113099079027
9 8 11 6 4.1761339799049892
9 10 0 11 1.2494835227382677
9 10 1 10 -2.3427016837637726
9 10 4 5 -4.0191403121282887
9 10 5 4 4.0191403121282887
9 10 8 11 -0.33737673200927198
9 10 9 10 -1.297262262930269
9 10 10 1 2.3427016837637726
9 10 10 9 1.297262262930269
9 10 11 0 -1.2494835227382677
9 10 11 8 0.33737673200927198
9 11 1 11 1.8956252745460458
9 11 9 11 2.604683640570264
9 11 11 1 -1.8956252745460458
9 11 11 9 -2.604683640570264
10 0 0 10 6.7400312500269868
10 0 8 10 -3.0337636042041507
10 0 10 0 -6.7400312500269868
10 0 10 8 3.0337636042041507
10 1 0 11 -4.8944847833445113
10 1 1 10 7.1763188769031991
10 1 4 5 5.6061276435795069
10 1 5 4 -5.6061276435795069
10 1 8 11 1.273957712352882
10 1 9 10 2.3427016837637726
10 1 10 1 -7.1763188769031991
10 1 10 9 -2.3427016837637726
10 1 11 0 4.8944847833445113
10 1 11 8 -1.273957712352882
10 2 0 4 1.8508661631712222
10 2 2 10 4.4166027181062759
10 2 4 0 -1.8508661631712222
10 2 4 8 4.2665965603938272
10 2 8 4 -4.2665965603938272
10 2 10 2 -4.4166027181062759
10 3 0 5 -4.8325056012193226
10 3 1 4 -7.5604065355394345
10 3 2 11 1.2731489718129403
10 3 3 10 1.3577639894866627
10 3 4 1 7.5604065355394345
10 3 4 9 -0.65792637040619217
10 3 5 0 4.8325056012193226
10 3 5 8 6.3624387939960929
10 3 8 5 -6.3624387939960929
10 3 9 4 0.65792637040619217
10 3 10 3 -1.3577639894866627
10 3 11 2 -1.2731489718129403
10 4 4 10 6.3213953131855618
10 4 10 4 -6.3213953131855618
10 5 4 11 -3.4277358822280073
10 5 5 10 1.392780228546419
10 5 10 5 -1.392780228546419
10 5 11 4 3.4277358822280073
10 6 0 8 -2.891344592502687
10 6 2 4 11.476161254372904
10 6 4 2 -11.476161254372904
10 6 6 10 -0.17914557854210322
10 6 8 0 2.891344592502687
10 6 10 6 0.17914557854210322
10 7 0 1 2.4958769756522905
10 7 0 9 -0.34242261491911385
10 7 1 0 -2.4958769756522905
10 7 1 8 -0.59349649646086355
10 7 2 5 3.9852708851598164
10 7 3 4 -1.4985254641490959
10 7 4 3 1.4985254641490959
10 7 5 2 -3.9852708851598164
10 7 6 11 2.7062185471668809
10 7 7 10 1.8749714734660596
10 7 8 1 0.59349649646086355
10 7 8 9 6.9169113099079027
10 7 9 0 0.34242261491911385
10 7 9 8 -6.9169113099079027
10 7 10 7 -1.8749714734660596
10 7 11 6 -2.7062185471668809
10 8 0 10 -3.0337636042041511
10 8 8 10 -1.788354837114245
10 8 10 0 3.0337636042041511
10 8 10 8 1.788354837114245
10 9 0 11 -1.2494835227382677
10 9 1 10 2.3427016837637726
10 9 4 5 4.0191403121282887
10 9 5 4 -4.0191403121282887
10 9 8 11 0.33737673200927198
10 9 9 10 1.297262262930269
10 9 10 1 -2.3427016837637726
10 9 10 9 -1.297262262930269
10 9 11 0 1.2494835227382677
10 9 11 8 -0.33737673200927198
10 11 10 11 0.35099410704007128
10 11 11 10 -0.35099410704007128
11 0 0 11 3.5158590968906203
11 0 1 10 -4.8944847833445122
11 0 4 5 9.2233426063128423
11 0 5 4 -9.2233426063128423
11 0 8 11 3.1850494738784252
11 0 9 10 -1.249483522738267
11 0 10 1 4.8944847833445122
11 0 10 9 1.249483522738267
11 0 11 0 -3.5158590968906203
11 0 11 8 -3.1850494738784252
11 1 1 11 -0.11718341001045396
11 1 9 11 -1.8956252745460453
11 1 11 1 0.11718341001045396
11 1 11 9 1.8956252745460453
11 2 0 5 0.97094603519565326
11 2 1 4 3.649217331552657
11 2 2 11 12.931466531404329
11 2 3 10 1.2731489718129407
11 2 4 1 -3.649217331552657
11 2 4 9 2.1197080292898027
11 2 5 0 -0.97094603519565326
11 2 5 8 1.0464715141989105
11 2 8 5 -1.0464715141989105
11 2 9 4 -2.1197080292898027
11 2 10 3 -1.2731489718129407
11 2 11 2 -12.931466531404329
11 3 1 5 -4.7004281659874625
11 3 3 11 -3.5308083487087685
11 3 5 1 4.7004281659874625
11 3 5 9 9.2668070208699369
11 3 9 5 -9.2668070208699369
11 3 11 3 3.5308083487087685
11 4 4 11 0.64783752393877125
11 4 5 10 -3.4277358822280077
11 4 10 5 3.4277358822280077
11 4 11 4 -0.64783752393877125
11 5 5 11 2.194902899212936
11 5 11 5 -2.194902899212936
11 6 0 1 11.431142711652646
11 6 0 9 -8.3843031926531228
11 6 1 0 -11.431142711652646
11 6 1 8 -8.9356869276767981
11 6 2 5 0.15992139455028909
11 6 3 4 4.9824919591305949
11 6 4 3 -4.9824919591305949
11 6 5 2 -0.15992139455028909
11 6 6 11 -5.3518737814195694
11 6 7 10 2.7062185471668809
11 6 8 1 8.9356869276767981
11 6 8 9 -4.1761339799049884
11 6 9 0 8.3843031926531228
11 6 9 8 4.1761339799049884
11 6 10 7 -2.7062185471668809
11 6 11 6 5.3518737814195694
11 7 1 9 2.1388169748394854
11 7 3 5 -2.7060505139933864
11 7 5 3 2.7060505139933864
11 7 7 11 -1.4050442813813002
11 7 9 1 -2.1388169748394854
11 7 11 7 1.4050442813813002
11 8 0 11 3.1850494738784243
11 8 1 10 1.2739577123528818
11 8 4 5 0.31911027695323724
11 8 5 4 -0.31911027695323724
11 8 8 11 -9.8573843448059382
11 8 9 10 0.33737673200927198
11 8 10 1 -1.2739577123528818
11 8 10 9 -0.33737673200927198
11 8 11 0 -3.1850494738784243
11 8 11 8 9.8573843448059382
11 9 1 11 -1.8956252745460458
11 9 9 11 -2.604683640570264
11 9 11 1 1.8956252745460458
11 9 11 9 2.604683640570264
11 10 10 11 -0.35099410704007128
11 10 11 10 0.35099410704007128
