0 1 0 1 7.1020777206825514
0 1 0 9 -3.9684391167573345
0 1 1 0 -7.1020777206825514
0 1 1 8 0.27800573103483206
0 1 2 5 1.5102954675115217
0 1 3 4 3.1804428191072653
0 1 4 3 -3.1804428191072653
0 1 5 2 -1.5102954675115217
0 1 6 11 -3.3342881165285703
0 1 7 10 -2.3368863883811235
0 1 8 1 -0.27800573103483206
0 1 8 9 3.3294591484691676
0 1 9 0 3.9684391167573345
0 1 9 8 -3.3294591484691676
0 1 10 7 2.3368863883811235
0 1 11 6 3.3342881165285703
0 2 0 2 -0.50259311581020949
0 2 2 0 0.50259311581020949
0 2 2 8 -0.15792905083797304
0 2 4 6 0.74369533272282184
0 2 6 4 -0.74369533272282184
0 2 8 2 0.15792905083797304
0 3 0 3 -0.22300696602622616
0 3 1 2 2.8942573792722603
0 3 2 1 -2.8942573792722603
0 3 2 9 -3.0774967688568013
0 3 3 0 0.22300696602622616
0 3 3 8 -1.4611975682968614
0 3 4 7 2.3706319511849823
0 3 5 6 1.4869889066711559
0 3 6 5 -1.4869889066711559
0 3 7 4 -2.3706319511849823
0 3 8 3 1.4611975682968614
0 3 9 2 3.0774967688568013
0 4 0 4 0.0023700898612345478
0 4 2 10 -0.40140485596687692
0 4 4 0 -0.0023700898612345478
0 4 4 8 1.1302112647992932
0 4 8 4 -1.1302112647992932
0 4 10 2 0.40140485596687692
0 5 0 5 -0.12955599066975659
0 5 1 4 -3.2408082159555054
0 5 2 11 -1.7450763286809883
0 5 3 10 1.5492501611092804
0 5 4 1 3.2408082159555054
0 5 4 9 -1.0029476181084558
0 5 5 0 0.12955599066975659
0 5 5 8 -1.7488210722800124
0 5 8 5 1.7488210722800124
0 5 9 4 1.0029476181084558
0 5 10 3 -1.5492501611092804
0 5 11 2 1.7450763286809883
0 6 0 6 1.3868234254659613
0 6 6 0 -1.3868234254659613
0 6 6 8 -3.0019038064882504
0 6 8 6 3.0019038064882504
0 7 0 7 0.87177823927015874
0 7 1 6 1.4838562883676456
0 7 2 3 -1.9990681265030403
0 7 3 2 1.9990681265030403
0 7 6 1 -1.4838562883676456
0 7 6 9 -0.10622716985061588
0 7 7 0 -0.87177823927015874
0 7 7 8 1.639083370051041
0 7 8 7 -1.639083370051041
0 7 9 6 0.10622716985061588
0 8 2 4 1.4103766841337413
0 8 4 2 -1.4103766841337413
0 8 6 10 -0.01155584698410158
0 8 10 6 0.01155584698410158
0 9 0 1 -3.9684391167573341
0 9 0 9 -7.6835917081841671
0 9 1 0 3.9684391167573341
0 9 1 8 -8.1345364181651831
0 9 2 5 -1.5544424607244167
0 9 3 4 1.7888197902978273
0 9 4 3 -1.7888197902978273
0 9 5 2 1.5544424607244167
0 9 6 11 1.5242188248161428
0 9 7 10 0.34783743803178258
0 9 8 1 8.1345364181651831
0 9 8 9 -3.6835407132770497
0 9 9 0 7.6835917081841671
0 9 9 8 3.6835407132770497
0 9 10 7 -0.34783743803178258
0 9 11 6 -1.5242188248161428
0 10 0 10 1.6344883473836718
0 10 8 10 0.94929923432665841
0 10 10 0 -1.6344883473836718
0 10 10 8 -0.94929923432665841
0 11 0 11 -0.40383863865484626
0 11 1 10 3.4246918906052137
0 11 4 5 1.5028196701362231
0 11 5 4 -1.5028196701362231
0 11 8 11 0.81085621462731561
0 11 9 10 2.3511334795187002
0 11 10 1 -3.4246918906052137
0 11 10 9 -2.3511334795187002
0 11 11 0 0.40383863865484626
0 11 11 8 -0.81085621462731561
1 0 0 1 -7.1020777206825514
1 0 0 9 3.9684391167573345
1 0 1 0 7.1020777206825514
1 0 1 8 -0.27800573103483206
1 0 2 5 -1.5102954675115217
1 0 3 4 -3.1804428191072653
1 0 4 3 3.1804428191072653
1 0 5 2 1.5102954675115217
1 0 6 11 3.3342881165285703
1 0 7 10 2.3368863883811235
1 0 8 1 0.27800573103483206
1 0 8 9 -3.3294591484691676
1 0 9 0 -3.9684391167573345
1 0 9 8 3.3294591484691676
1 0 10 7 -2.3368863883811235
1 0 11 6 -3.3342881165285703
1 2 0 3 2.8942573792722608
1 2 1 2 -0.87161228088848652
1 2 2 1 0.87161228088848652
1 2 2 9 5.2951788270182467
1 2 3 0 -2.8942573792722608
1 2 3 8 0.35219222215694856
1 2 4 7 -0.080938797825240716
1 2 5 6 -3.6592483908549216
1 2 6 5 3.6592483908549216
1 2 7 4 0.080938797825240716
1 2 8 3 -0.35219222215694856
1 2 9 2 -5.2951788270182467
1 3 1 3 -0.10253625381884965
1 3 3 1 0.10253625381884965
1 3 3 9 -2.4931545345075077
1 3 5 7 -0.39603643962311408
1 3 7 5 0.39603643962311408
1 3 9 3 2.4931545345075077
1 4 0 5 -3.2408082159555045
1 4 1 4 0.55136584191487481
1 4 2 11 -0.015244038542260578
1 4 3 10 2.4687274674603015
1 4 4 1 -0.55136584191487481
1 4 4 9 3.4967621935290421
1 4 5 0 3.2408082159555045
1 4 5 8 -1.3977732683332409
1 4 8 5 1.3977732683332409
1 4 9 4 -3.4967621935290421
1 4 10 3 -2.4687274674603015
1 4 11 2 0.015244038542260578
1 5 1 5 3.239487970078073
1 5 3 11 -1.0014653204093542
1 5 5 1 -3.239487970078073
1 5 5 9 -1.7294605186055134
1 5 9 5 1.7294605186055134
1 5 11 3 1.0014653204093542
1 6 0 7 1.4838562883676456
1 6 1 6 -1.3254011711895963
1 6 2 3 -2.6315159296379909
1 6 3 2 2.6315159296379909
1 6 6 1 1.3254011711895963
1 6 6 9 0.17266346800324026
1 6 7 0 -1.4838562883676456
1 6 7 8 -1.023363822209816
1 6 8 7 1.023363822209816
1 6 9 6 -0.17266346800324026
1 7 1 7 -0.41972487018061749
1 7 7 1 0.41972487018061749
1 7 7 9 -0.84803894632576393
1 7 9 7 0.84803894632576393
1 8 0 1 0.27800573103483206
1 8 0 9 -8.1345364181651831
1 8 1 0 -0.27800573103483206
1 8 1 8 -1.3720125131530425
1 8 2 5 0.13751660576036173
1 8 3 4 3.4523029846780635
1 8 4 3 -3.4523029846780635
1 8 5 2 -0.13751660576036173
1 8 6 11 3.2518915789821383
1 8 7 10 1.467540855655953
1 8 8 1 1.3720125131530425
1 8 8 9 -3.2809197480635763
1 8 9 0 8.1345364181651831
1 8 9 8 3.2809197480635763
1 8 10 7 -1.467540855655953
1 8 11 6 -3.2518915789821383
1 9 3 5 -2.6834773320643572
1 9 5 3 2.6834773320643572
1 9 7 11 -1.3396822022849182
1 9 11 7 1.3396822022849182
1 10 0 11 3.4246918906052133
1 10 1 10 1.2864836661948866
1 10 4 5 -2.8006274941789631
1 10 5 4 2.8006274941789631
1 10 8 11 0.07961974612268985
1 10 9 10 -1.1362385505497477
1 10 10 1 -1.2864836661948866
1 10 10 9 1.1362385505497477
1 10 11 0 -3.4246918906052133
1 10 11 8 -0.07961974612268985
1 11 1 11 1.9928130470272436
1 11 9 11 -0.071658988344146246
1 11 11 1 -1.9928130470272436
1 11 11 9 0.071658988344146246
2 0 0 2 0.50259311581020949
2 0 2 0 -0.50259311581020949
2 0 2 8 0.15792905083797304
2 0 4 6 -0.74369533272282184
2 0 6 4 0.74369533272282184
2 0 8 2 -0.15792905083797304
2 1 0 3 -2.8942573792722608
2 1 1 2 0.87161228088848652
2 1 2 1 -0.87161228088848652
2 1 2 9 -5.2951788270182467
2 1 3 0 2.8942573792722608
2 1 3 8 -0.35219222215694856
2 1 4 7 0.080938797825240716
2 1 5 6 3.6592483908549216
2 1 6 5 -3.6592483908549216
2 1 7 4 -0.080938797825240716
2 1 8 3 0.35219222215694856
2 1 9 2 5.2951788270182467
2 3 0 7 -1.9990681265030403
2 3 1 6 -2.6315159296379909
2 3 6 1 2.6315159296379909
2 3 6 9 -0.30804786416700769
2 3 7 0 1.9990681265030403
2 3 7 8 -3.1850114036696677
2 3 8 7 3.1850114036696677
2 3 9 6 0.30804786416700769
2 4 0 8 1.4103766841337411
2 4 6 10 0.9218454884816949
2 4 8 0 -1.4103766841337411
2 4 10 6 -0.9218454884816949
2 5 0 1 1.5102954675115219
2 5 0 9 -1.5544424607244169
2 5 1 0 -1.5102954675115219
2 5 1 8 0.13751660576036168
2 5 3 4 -0.13188133031865784
2 5 4 3 0.13188133031865784
2 5 6 11 -4.6581689695482922
2 5 7 10 3.3242417473904062
2 5 8 1 -0.13751660576036168
2 5 8 9 3.6598271332236458
2 5 9 0 1.5544424607244169
2 5 9 8 -3.6598271332236458
2 5 10 7 -3.3242417473904062
2 5 11 6 4.6581689695482922
2 7 3 6 1.2025124266043157
2 7 6 3 -1.2025124266043157
2 8 0 2 -0.1579290508379731
2 8 2 0 0.1579290508379731
2 8 2 8 0.50259311581020949
2 8 4 6 2.9540902846128088
2 8 6 4 -2.9540902846128088
2 8 8 2 -0.50259311581020949
2 9 0 3 -3.0774967688568013
2 9 1 2 5.2951788270182458
2 9 2 1 -5.2951788270182458
2 9 2 9 0.87161228088848652
2 9 3 0 3.0774967688568013
2 9 3 8 -0.6755204454460999
2 9 4 7 0.64844113000040149
2 9 5 6 1.1473182697636413
2 9 6 5 -1.1473182697636413
2 9 7 4 -0.64844113000040149
2 9 8 3 0.6755204454460999
2 9 9 2 -0.87161228088848652
2 10 0 4 -0.40140485596687697
2 10 4 0 0.40140485596687697
2 10 4 8 1.6427842872624008
2 10 8 4 -1.6427842872624008
2 11 0 5 -1.7450763286809883
2 11 1 4 -0.015244038542260578
2 11 3 10 -0.55389227886161763
2 11 4 1 0.015244038542260578
2 11 4 9 -1.1518053669529873
2 11 5 0 1.7450763286809883
2 11 5 8 -2.3693306634044511
2 11 8 5 2.3693306634044511
2 11 9 4 1.1518053669529873
2 11 10 3 0.55389227886161763
3 0 0 3 0.22300696602622616
3 0 1 2 -2.8942573792722603
3 0 2 1 2.8942573792722603
3 0 2 9 3.0774967688568013
3 0 3 0 -0.22300696602622616
3 0 3 8 1.4611975682968614
3 0 4 7 -2.3706319511849823
3 0 5 6 -1.4869889066711559
3 0 6 5 1.4869889066711559
3 0 7 4 2.3706319511849823
3 0 8 3 -1.4611975682968614
3 0 9 2 -3.0774967688568013
3 1 1 3 0.10253625381884965
3 1 3 1 -0.10253625381884965
3 1 3 9 2.4931545345075077
3 1 5 7 0.39603643962311408
3 1 7 5 -0.39603643962311408
3 1 9 3 -2.4931545345075077
3 2 0 7 1.9990681265030403
3 2 1 6 2.6315159296379909
3 2 6 1 -2.6315159296379909
3 2 6 9 0.30804786416700769
3 2 7 0 -1.9990681265030403
3 2 7 8 3.1850114036696677
3 2 8 7 -3.1850114036696677
3 2 9 6 -0.30804786416700769
3 4 0 1 3.1804428191072658
3 4 0 9 1.7888197902978271
3 4 1 0 -3.1804428191072658
3 4 1 8 3.452302984678064
3 4 2 5 -0.13188133031865784
3 4 5 2 0.13188133031865784
3 4 6 11 -0.47627853861099145
3 4 7 10 -0.84119613361708467
3 4 8 1 -3.452302984678064
3 4 8 9 2.8493252696972888
3 4 9 0 -1.7888197902978271
3 4 9 8 -2.8493252696972888
3 4 10 7 0.84119613361708467
3 4 11 6 0.47627853861099145
3 5 1 9 -2.6834773320643572
3 5 7 11 1.4645281710431979
3 5 9 1 2.6834773320643572
3 5 11 7 -1.4645281710431979
3 6 2 7 1.2025124266043157
3 6 7 2 -1.2025124266043157
3 8 0 3 -1.4611975682968612
3 8 1 2 0.35219222215694856
3 8 2 1 -0.35219222215694856
3 8 2 9 -0.6755204454460999
3 8 3 0 1.4611975682968612
3 8 3 8 0.22300696602622616
3 8 4 7 1.7565648099098932
3 8 5 6 -3.8528516465265126
3 8 6 5 3.8528516465265126
3 8 7 4 -1.7565648099098932
3 8 8 3 -0.22300696602622616
3 8 9 2 0.6755204454460999
3 9 1 3 -2.4931545345075072
3 9 3 1 2.4931545345075072
3 9 3 9 0.10253625381884965
3 9 5 7 -0.75292727611592225
3 9 7 5 0.75292727611592225
3 9 9 3 -0.10253625381884965
3 10 0 5 1.5492501611092804
3 10 1 4 2.4687274674603015
3 10 2 11 -0.55389227886161763
3 10 4 1 -2.4687274674603015
3 10 4 9 -1.1039741670921004
3 10 5 0 -1.5492501611092804
3 10 5 8 -0.19529322534806609
3 10 8 5 0.19529322534806609
3 10 9 4 1.1039741670921004
3 10 11 2 0.55389227886161763
3 11 1 5 -1.0014653204093542
3 11 5 1 1.0014653204093542
3 11 5 9 -1.9403603459513081
3 11 9 5 1.9403603459513081
4 0 0 4 -0.0023700898612345478
4 0 2 10 0.40140485596687692
4 0 4 0 0.0023700898612345478
4 0 4 8 -1.1302112647992932
4 0 8 4 1.1302112647992932
4 0 10 2 -0.40140485596687692
4 1 0 5 3.2408082159555045
4 1 1 4 -0.55136584191487481
4 1 2 11 0.015244038542260578
4 1 3 10 -2.4687274674603015
4 1 4 1 0.55136584191487481
4 1 4 9 -3.4967621935290421
4 1 5 0 -3.2408082159555045
4 1 5 8 1.3977732683332409
4 1 8 5 -1.3977732683332409
4 1 9 4 3.4967621935290421
4 1 10 3 2.4687274674603015
4 1 11 2 -0.015244038542260578
4 2 0 8 -1.4103766841337411
4 2 6 10 -0.9218454884816949
4 2 8 0 1.4103766841337411
4 2 10 6 0.9218454884816949
4 3 0 1 -3.1804428191072658
4 3 0 9 -1.7888197902978271
4 3 1 0 3.1804428191072658
4 3 1 8 -3.452302984678064
4 3 2 5 0.13188133031865784
4 3 5 2 -0.13188133031865784
4 3 6 11 0.47627853861099145
4 3 7 10 0.84119613361708467
4 3 8 1 3.452302984678064
4 3 8 9 -2.8493252696972888
4 3 9 0 1.7888197902978271
4 3 9 8 2.8493252696972888
4 3 10 7 -0.84119613361708467
4 3 11 6 -0.47627853861099145
4 5 0 11 1.5028196701362229
4 5 1 10 -2.8006274941789631
4 5 8 11 -3.4661489485138617
4 5 9 10 2.2677341870675143
4 5 10 1 2.8006274941789631
4 5 10 9 -2.2677341870675143
4 5 11 0 -1.5028196701362229
4 5 11 8 3.4661489485138617
4 6 0 2 0.74369533272282184
4 6 2 0 -0.74369533272282184
4 6 2 8 2.9540902846128092
4 6 8 2 -2.9540902846128092
4 7 0 3 2.3706319511849823
4 7 1 2 -0.080938797825240716
4 7 2 1 0.080938797825240716
4 7 2 9 0.64844113000040138
4 7 3 0 -2.3706319511849823
4 7 3 8 1.7565648099098932
4 7 5 6 -0.55360736897766549
4 7 6 5 0.55360736897766549
4 7 8 3 -1.7565648099098932
4 7 9 2 -0.64844113000040138
4 8 0 4 1.1302112647992932
4 8 2 10 1.6427842872624008
4 8 4 0 -1.1302112647992932
4 8 4 8 -0.0023700898612345478
4 8 8 4 0.0023700898612345478
4 8 10 2 -1.6427842872624008
4 9 0 5 -1.0029476181084558
4 9 1 4 3.4967621935290421
4 9 2 11 -1.1518053669529875
4 9 3 10 -1.1039741670921006
4 9 4 1 -3.4967621935290421
4 9 4 9 -0.55136584191487481
4 9 5 0 1.0029476181084558
4 9 5 8 -0.23012867797099046
4 9 8 5 0.23012867797099046
4 9 9 4 0.55136584191487481
4 9 10 3 1.1039741670921006
4 9 11 2 1.1518053669529875
4 11 5 10 -0.83325519752904287
4 11 10 5 0.83325519752904287
5 0 0 5 0.12955599066975659
5 0 1 4 3.2408082159555054
5 0 2 11 1.7450763286809883
5 0 3 10 -1.5492501611092804
5 0 4 1 -3.2408082159555054
5 0 4 9 1.0029476181084558
5 0 5 0 -0.12955599066975659
5 0 5 8 1.7488210722800124
5 0 8 5 -1.7488210722800124
5 0 9 4 -1.0029476181084558
5 0 10 3 1.5492501611092804
5 0 11 2 -1.7450763286809883
5 1 1 5 -3.239487970078073
5 1 3 11 1.0014653204093542
5 1 5 1 3.239487970078073
5 1 5 9 1.7294605186055134
5 1 9 5 -1.7294605186055134
5 1 11 3 -1.0014653204093542
5 2 0 1 -1.5102954675115219
5 2 0 9 1.5544424607244169
5 2 1 0 1.5102954675115219
5 2 1 8 -0.13751660576036168
5 2 3 4 0.13188133031865784
5 2 4 3 -0.13188133031865784
5 2 6 11 4.6581689695482922
5 2 7 10 -3.3242417473904062
5 2 8 1 0.13751660576036168
5 2 8 9 -3.6598271332236458
5 2 9 0 -1.5544424607244169
5 2 9 8 3.6598271332236458
5 2 10 7 3.3242417473904062
5 2 11 6 -4.6581689695482922
5 3 1 9 2.6834773320643572
5 3 7 11 -1.4645281710431979
5 3 9 1 -2.6834773320643572
5 3 11 7 1.4645281710431979
5 4 0 11 -1.5028196701362229
5 4 1 10 2.8006274941789631
5 4 8 11 3.4661489485138617
5 4 9 10 -2.2677341870675143
5 4 10 1 -2.8006274941789631
5 4 10 9 2.2677341870675143
5 4 11 0 1.5028196701362229
5 4 11 8 -3.4661489485138617
5 6 0 3 1.4869889066711559
5 6 1 2 -3.659248390854922
5 6 2 1 3.659248390854922
5 6 2 9 1.1473182697636413
5 6 3 0 -1.4869889066711559
5 6 3 8 -3.8528516465265126
5 6 4 7 -0.55360736897766549
5 6 7 4 0.55360736897766549
5 6 8 3 3.8528516465265126
5 6 9 2 -1.1473182697636413
5 7 1 3 -0.39603643962311408
5 7 3 1 0.39603643962311408
5 7 3 9 -0.75292727611592225
5 7 9 3 0.75292727611592225
5 8 0 5 -1.7488210722800122
5 8 1 4 -1.3977732683332409
5 8 2 11 -2.3693306634044511
5 8 3 10 -0.19529322534806609
5 8 4 1 1.3977732683332409
5 8 4 9 -0.2301286779709904
5 8 5 0 1.7488210722800122
5 8 5 8 0.12955599066975659
5 8 8 5 -0.12955599066975659
5 8 9 4 0.2301286779709904
5 8 10 3 0.19529322534806609
5 8 11 2 2.3693306634044511
5 9 1 5 -1.7294605186055132
5 9 3 11 -1.9403603459513077
5 9 5 1 1.7294605186055132
5 9 5 9 -3.239487970078073
5 9 9 5 3.239487970078073
5 9 11 3 1.9403603459513077
5 10 4 11 -0.83325519752904298
5 10 11 4 0.83325519752904298
6 0 0 6 -1.3868234254659613
6 0 6 0 1.3868234254659613
6 0 6 8 3.0019038064882504
6 0 8 6 -3.0019038064882504
6 1 0 7 -1.4838562883676456
6 1 1 6 1.3254011711895963
6 1 2 3 2.6315159296379909
6 1 3 2 -2.6315159296379909
6 1 6 1 -1.3254011711895963
6 1 6 9 -0.17266346800324026
6 1 7 0 1.4838562883676456
6 1 7 8 1.023363822209816
6 1 8 7 -1.023363822209816
6 1 9 6 0.17266346800324026
6 3 2 7 -1.2025124266043157
6 3 7 2 1.2025124266043157
6 4 0 2 -0.74369533272282184
6 4 2 0 0.74369533272282184
6 4 2 8 -2.9540902846128092
6 4 8 2 2.9540902846128092
6 5 0 3 -1.4869889066711559
6 5 1 2 3.659248390854922
6 5 2 1 -3.659248390854922
6 5 2 9 -1.1473182697636413
6 5 3 0 1.4869889066711559
6 5 3 8 3.8528516465265126
6 5 4 7 0.55360736897766549
6 5 7 4 -0.55360736897766549
6 5 8 3 -3.8528516465265126
6 5 9 2 1.1473182697636413
6 8 0 6 -3.0019038064882508
6 8 6 0 3.0019038064882508
6 8 6 8 -1.3868234254659613
6 8 8 6 1.3868234254659613
6 9 0 7 -0.10622716985061592
6 9 1 6 0.17266346800324023
6 9 2 3 -0.30804786416700763
6 9 3 2 0.30804786416700763
6 9 6 1 -0.17266346800324023
6 9 6 9 1.3254011711895963
6 9 7 0 0.10622716985061592
6 9 7 8 0.61603870309648323
6 9 8 7 -0.61603870309648323
6 9 9 6 -1.3254011711895963
6 10 0 8 -0.01155584698410158
6 10 2 4 0.92184548848169501
6 10 4 2 -0.92184548848169501
6 10 8 0 0.01155584698410158
6 11 0 1 -3.3342881165285712
6 11 0 9 1.5242188248161428
6 11 1 0 3.3342881165285712
6 11 1 8 3.2518915789821383
6 11 2 5 -4.6581689695482922
6 11 3 4 -0.47627853861099145
6 11 4 3 0.47627853861099145
6 11 5 2 4.6581689695482922
6 11 7 10 -0.21483066316086863
6 11 8 1 -3.2518915789821383
6 11 8 9 -3.037063001577688
6 11 9 0 -1.5242188248161428
6 11 9 8 3.037063001577688
6 11 10 7 0.21483066316086863
7 0 0 7 -0.87177823927015874
7 0 1 6 -1.4838562883676456
7 0 2 3 1.9990681265030403
7 0 3 2 -1.9990681265030403
7 0 6 1 1.4838562883676456
7 0 6 9 0.10622716985061588
7 0 7 0 0.87177823927015874
7 0 7 8 -1.639083370051041
7 0 8 7 1.639083370051041
7 0 9 6 -0.10622716985061588
7 1 1 7 0.41972487018061749
7 1 7 1 -0.41972487018061749
7 1 7 9 0.84803894632576393
7 1 9 7 -0.84803894632576393
7 2 3 6 -1.2025124266043157
7 2 6 3 1.2025124266043157
7 4 0 3 -2.3706319511849823
7 4 1 2 0.080938797825240716
7 4 2 1 -0.080938797825240716
7 4 2 9 -0.64844113000040138
7 4 3 0 2.3706319511849823
7 4 3 8 -1.7565648099098932
7 4 5 6 0.55360736897766549
7 4 6 5 -0.55360736897766549
7 4 8 3 1.7565648099098932
7 4 9 2 0.64844113000040138
7 5 1 3 0.39603643962311408
7 5 3 1 -0.39603643962311408
7 5 3 9 0.75292727611592225
7 5 9 3 -0.75292727611592225
7 8 0 7 1.6390833700510412
7 8 1 6 -1.023363822209816
7 8 2 3 -3.1850114036696673
7 8 3 2 3.1850114036696673
7 8 6 1 1.023363822209816
7 8 6 9 0.61603870309648312
7 8 7 0 -1.6390833700510412
7 8 7 8 -0.87177823927015874
7 8 8 7 0.87177823927015874
7 8 9 6 -0.61603870309648312
7 9 1 7 -0.84803894632576382
7 9 7 1 0.84803894632576382
7 9 7 9 0.41972487018061749
7 9 9 7 -0.41972487018061749
7 10 0 1 -2.3368863883811231
7 10 0 9 0.34783743803178258
7 10 1 0 2.3368863883811231
7 10 1 8 1.4675408556559528
7 10 2 5 3.3242417473904062
7 10 3 4 -0.84119613361708467
7 10 4 3 0.84119613361708467
7 10 5 2 -3.3242417473904062
7 10 6 11 -0.21483066316086868
7 10 8 1 -1.4675408556559528
7 10 8 9 -2.1962757225967362
7 10 9 0 -0.34783743803178258
7 10 9 8 2.1962757225967362
7 10 11 6 0.21483066316086868
7 11 1 9 -1.3396822022849184
7 11 3 5 1.4645281710431979
7 11 5 3 -1.4645281710431979
7 11 9 1 1.3396822022849184
8 0 2 4 -1.4103766841337413
8 0 4 2 1.4103766841337413
8 0 6 10 0.01155584698410158
8 0 10 6 -0.01155584698410158
8 1 0 1 -0.27800573103483206
8 1 0 9 8.1345364181651831
8 1 1 0 0.27800573103483206
8 1 1 8 1.3720125131530425
8 1 2 5 -0.13751660576036173
8 1 3 4 -3.4523029846780635
8 1 4 3 3.4523029846780635
8 1 5 2 0.13751660576036173
8 1 6 11 -3.2518915789821383
8 1 7 10 -1.467540855655953
8 1 8 1 -1.3720125131530425
8 1 8 9 3.2809197480635763
8 1 9 0 -8.1345364181651831
8 1 9 8 -3.2809197480635763
8 1 10 7 1.467540855655953
8 1 11 6 3.2518915789821383
8 2 0 2 0.1579290508379731
8 2 2 0 -0.1579290508379731
8 2 2 8 -0.50259311581020949
8 2 4 6 -2.9540902846128088
8 2 6 4 2.9540902846128088
8 2 8 2 0.50259311581020949
8 3 0 3 1.4611975682968612
8 3 1 2 -0.35219222215694856
8 3 2 1 0.35219222215694856
8 3 2 9 0.6755204454460999
8 3 3 0 -1.4611975682968612
8 3 3 8 -0.22300696602622616
8 3 4 7 -1.7565648099098932
8 3 5 6 3.8528516465265126
8 3 6 5 -3.8528516465265126
8 3 7 4 1.7565648099098932
8 3 8 3 0.22300696602622616
8 3 9 2 -0.6755204454460999
8 4 0 4 -1.1302112647992932
8 4 2 10 -1.6427842872624008
8 4 4 0 1.1302112647992932
8 4 4 8 0.0023700898612345478
8 4 8 4 -0.0023700898612345478
8 4 10 2 1.6427842872624008
8 5 0 5 1.7488210722800122
8 5 1 4 1.3977732683332409
8 5 2 11 2.3693306634044511
8 5 3 10 0.19529322534806609
8 5 4 1 -1.3977732683332409
8 5 4 9 0.2301286779709904
8 5 5 0 -1.7488210722800122
8 5 5 8 -0.12955599066975659
8 5 8 5 0.12955599066975659
8 5 9 4 -0.2301286779709904
8 5 10 3 -0.19529322534806609
8 5 11 2 -2.3693306634044511
8 6 0 6 3.0019038064882508
8 6 6 0 -3.0019038064882508
8 6 6 8 1.3868234254659613
8 6 8 6 -1.3868234254659613
8 7 0 7 -1.6390833700510412
8 7 1 6 1.023363822209816
8 7 2 3 3.1850114036696673
8 7 3 2 -3.1850114036696673
8 7 6 1 -1.023363822209816
8 7 6 9 -0.61603870309648312
8 7 7 0 1.6390833700510412
8 7 7 8 0.87177823927015874
8 7 8 7 -0.87177823927015874
8 7 9 6 0.61603870309648312
8 9 0 1 3.3294591484691676
8 9 0 9 -3.6835407132770497
8 9 1 0 -3.3294591484691676
8 9 1 8 -3.2809197480635759
8 9 2 5 3.6598271332236467
8 9 3 4 2.8493252696972897
8 9 4 3 -2.8493252696972897
8 9 5 2 -3.6598271332236467
8 9 6 11 -3.037063001577688
8 9 7 10 -2.1962757225967362
8 9 8 1 3.2809197480635759
8 9 8 9 1.9535265006546578
8 9 9 0 3.6835407132770497
8 9 9 8 -1.9535265006546578
8 9 10 7 2.1962757225967362
8 9 11 6 3.037063001577688
8 10 0 10 0.94929923432665841
8 10 8 10 -1.6344883473836718
8 10 10 0 -0.94929923432665841
8 10 10 8 1.6344883473836718
8 11 0 11 0.81085621462731572
8 11 1 10 0.079619746122689738
8 11 4 5 -3.4661489485138612
8 11 5 4 3.4661489485138612
8 11 8 11 0.40383863865484626
8 11 9 10 2.4811712442101297
8 11 10 1 -0.079619746122689738
8 11 10 9 -2.4811712442101297
8 11 11 0 -0.81085621462731572
8 11 11 8 -0.40383863865484626
9 0 0 1 3.9684391167573341
9 0 0 9 7.6835917081841671
9 0 1 0 -3.9684391167573341
9 0 1 8 8.1345364181651831
9 0 2 5 1.5544424607244167
9 0 3 4 -1.7888197902978273
9 0 4 3 1.7888197902978273
9 0 5 2 -1.5544424607244167
9 0 6 11 -1.5242188248161428
9 0 7 10 -0.34783743803178258
9 0 8 1 -8.1345364181651831
9 0 8 9 3.6835407132770497
9 0 9 0 -7.6835917081841671
9 0 9 8 -3.6835407132770497
9 0 10 7 0.34783743803178258
9 0 11 6 1.5242188248161428
9 1 3 5 2.6834773320643572
9 1 5 3 -2.6834773320643572
9 1 7 11 1.3396822022849182
9 1 11 7 -1.3396822022849182
9 2 0 3 3.0774967688568013
9 2 1 2 -5.2951788270182458
9 2 2 1 5.2951788270182458
9 2 2 9 -0.87161228088848652
9 2 3 0 -3.0774967688568013
9 2 3 8 0.6755204454460999
9 2 4 7 -0.64844113000040149
9 2 5 6 -1.1473182697636413
9 2 6 5 1.1473182697636413
9 2 7 4 0.64844113000040149
9 2 8 3 -0.6755204454460999
9 2 9 2 0.87161228088848652
9 3 1 3 2.4931545345075072
9 3 3 1 -2.4931545345075072
9 3 3 9 -0.10253625381884965
9 3 5 7 0.75292727611592225
9 3 7 5 -0.75292727611592225
9 3 9 3 0.10253625381884965
9 4 0 5 1.0029476181084558
9 4 1 4 -3.4967621935290421
9 4 2 11 1.1518053669529875
9 4 3 10 1.1039741670921006
9 4 4 1 3.4967621935290421
9 4 4 9 0.55136584191487481
9 4 5 0 -1.0029476181084558
9 4 5 8 0.23012867797099046
9 4 8 5 -0.23012867797099046
9 4 9 4 -0.55136584191487481
9 4 10 3 -1.1039741670921006
9 4 11 2 -1.1518053669529875
9 5 1 5 1.7294605186055132
9 5 3 11 1.9403603459513077
9 5 5 1 -1.7294605186055132
9 5 5 9 3.239487970078073
9 5 9 5 -3.239487970078073
9 5 11 3 -1.9403603459513077
9 6 0 7 0.10622716985061592
9 6 1 6 -0.17266346800324023
9 6 2 3 0.30804786416700763
9 6 3 2 -0.30804786416700763
9 6 6 1 0.17266346800324023
9 6 6 9 -1.3254011711895963
9 6 7 0 -0.10622716985061592
9 6 7 8 -0.61603870309648323
9 6 8 7 0.61603870309648323
9 6 9 6 1.3254011711895963
9 7 1 7 0.84803894632576382
9 7 7 1 -0.84803894632576382
9 7 7 9 -0.41972487018061749
9 7 9 7 0.41972487018061749
9 8 0 1 -3.3294591484691676
9 8 0 9 3.6835407132770497
9 8 1 0 3.3294591484691676
9 8 1 8 3.2809197480635759
9 8 2 5 -3.6598271332236467
9 8 3 4 -2.8493252696972897
9 8 4 3 2.8493252696972897
9 8 5 2 3.6598271332236467
9 8 6 11 3.037063001577688
9 8 7 10 2.1962757225967362
9 8 8 1 -3.2809197480635759
9 8 8 9 -1.9535265006546578
9 8 9 0 -3.6835407132770497
9 8 9 8 1.9535265006546578
9 8 10 7 -2.1962757225967362
9 8 11 6 -3.037063001577688
9 10 0 11 2.3511334795187002
9 10 1 10 -1.1362385505497477
9 10 4 5 2.2677341870675143
9 10 5 4 -2.2677341870675143
9 10 8 11 2.4811712442101297
9 10 9 10 -1.2864836661948866
9 10 10 1 1.1362385505497477
9 10 10 9 1.2864836661948866
9 10 11 0 -2.3511334795187002
9 10 11 8 -2.4811712442101297
9 11 1 11 -0.071658988344146302
9 11 9 11 -1.9928130470272436
9 11 11 1 0.071658988344146302
9 11 11 9 1.9928130470272436
10 0 0 10 -1.6344883473836718
10 0 8 10 -0.94929923432665841
10 0 10 0 1.6344883473836718
10 0 10 8 0.94929923432665841
10 1 0 11 -3.4246918906052133
10 1 1 10 -1.2864836661948866
10 1 4 5 2.8006274941789631
10 1 5 4 -2.8006274941789631
10 1 8 11 -0.07961974612268985
10 1 9 10 1.1362385505497477
10 1 10 1 1.2864836661948866
10 1 10 9 -1.1362385505497477
10 1 11 0 3.4246918906052133
10 1 11 8 0.07961974612268985
10 2 0 4 0.40140485596687697
10 2 4 0 -0.40140485596687697
10 2 4 8 -1.6427842872624008
10 2 8 4 1.6427842872624008
10 3 0 5 -1.5492501611092804
10 3 1 4 -2.4687274674603015
10 3 2 11 0.55389227886161763
10 3 4 1 2.4687274674603015
10 3 4 9 1.1039741670921004
10 3 5 0 1.5492501611092804
10 3 5 8 0.19529322534806609
10 3 8 5 -0.19529322534806609
10 3 9 4 -1.1039741670921004
10 3 11 2 -0.55389227886161763
10 5 4 11 0.83325519752904298
10 5 11 4 -0.83325519752904298
10 6 0 8 0.01155584698410158
10 6 2 4 -0.92184548848169501
10 6 4 2 0.92184548848169501
10 6 8 0 -0.01155584698410158
10 7 0 1 2.3368863883811231
10 7 0 9 -0.34783743803178258
10 7 1 0 -2.3368863883811231
10 7 1 8 -1.4675408556559528
10 7 2 5 -3.3242417473904062
10 7 3 4 0.84119613361708467
10 7 4 3 -0.84119613361708467
10 7 5 2 3.3242417473904062
10 7 6 11 0.21483066316086868
10 7 8 1 1.4675408556559528
10 7 8 9 2.1962757225967362
10 7 9 0 0.34783743803178258
10 7 9 8 -2.1962757225967362
10 7 11 6 -0.21483066316086868
10 8 0 10 -0.94929923432665841
10 8 8 10 1.6344883473836718
10 8 10 0 0.94929923432665841
10 8 10 8 -1.6344883473836718
10 9 0 11 -2.3511334795187002
10 9 1 10 1.1362385505497477
10 9 4 5 -2.2677341870675143
10 9 5 4 2.2677341870675143
10 9 8 11 -2.4811712442101297
10 9 9 10 1.2864836661948866
10 9 10 1 -1.1362385505497477
10 9 10 9 -1.2864836661948866
10 9 11 0 2.3511334795187002
10 9 11 8 2.4811712442101297
11 0 0 11 0.40383863865484626
11 0 1 10 -3.4246918906052137
11 0 4 5 -1.5028196701362231
11 0 5 4 1.5028196701362231
11 0 8 11 -0.81085621462731561
11 0 9 10 -2.3511334795187002
11 0 10 1 3.4246918906052137
11 0 10 9 2.3511334795187002
11 0 11 0 -0.40383863865484626
11 0 11 8 0.81085621462731561
11 1 1 11 -1.9928130470272436
11 1 9 11 0.071658988344146246
11 1 11 1 1.9928130470272436
11 1 11 9 -0.071658988344146246
11 2 0 5 1.7450763286809883
11 2 1 4 0.015244038542260578
11 2 3 10 0.55389227886161763
11 2 4 1 -0.015244038542260578
11 2 4 9 1.1518053669529873
11 2 5 0 -1.7450763286809883
11 2 5 8 2.3693306634044511
11 2 8 5 -2.3693306634044511
11 2 9 4 -1.1518053669529873
11 2 10 3 -0.55389227886161763
11 3 1 5 1.0014653204093542
11 3 5 1 -1.0014653204093542
11 3 5 9 1.9403603459513081
11 3 9 5 -1.9403603459513081
11 4 5 10 0.83325519752904287
11 4 10 5 -0.83325519752904287
11 6 0 1 3.3342881165285712
11 6 0 9 -1.5242188248161428
11 6 1 0 -3.3342881165285712
11 6 1 8 -3.2518915789821383
11 6 2 5 4.6581689695482922
11 6 3 4 0.47627853861099145
11 6 4 3 -0.47627853861099145
11 6 5 2 -4.6581689695482922
11 6 7 10 0.21483066316086863
11 6 8 1 3.2518915789821383
11 6 8 9 3.037063001577688
11 6 9 0 1.5242188248161428
11 6 9 8 -3.037063001577688
11 6 10 7 -0.21483066316086863
11 7 1 9 1.3396822022849184
11 7 3 5 -1.4645281710431979
11 7 5 3 1.4645281710431979
11 7 9 1 -1.3396822022849184
11 8 0 11 -0.81085621462731572
11 8 1 10 -0.079619746122689738
11 8 4 5 3.4661489485138612
11 8 5 4 -3.4661489485138612
11 8 8 11 -0.40383863865484626
11 8 9 10 -2.4811712442101297
11 8 10 1 0.079619746122689738
11 8 10 9 2.4811712442101297
11 8 11 0 0.81085621462731572
11 8 11 8 0.40383863865484626
11 9 1 11 0.071658988344146302
11 9 9 11 1.9928130470272436
11 9 11 1 -0.071658988344146302
11 9 11 9 -1.9928130470272436
