0 1 0 1 -0.2820590148720209
0 1 0 9 -2.9789383936684746
0 1 1 0 0.2820590148720209
0 1 1 8 -3.9430720772010961
0 1 2 5 1.7866383441430549
0 1 3 4 -0.88507720146672197
0 1 4 3 0.88507720146672197
0 1 5 2 -1.7866383441430549
0 1 6 11 0.15930944191573693
0 1 7 10 -1.4328608996274312
0 1 8 1 3.9430720772010961
0 1 8 9 -1.3832031047194491
0 1 9 0 2.9789383936684746
0 1 9 8 1.3832031047194491
0 1 10 7 1.4328608996274312
0 1 11 6 -0.15930944191573693
0 6 0 6 -0.49380298251491389
0 6 6 0 0.49380298251491389
0 6 6 8 1.2569635873017631
0 6 8 6 -1.2569635873017631
0 7 0 7 0.027994823980566391
0 7 1 6 -0.37492144000791389
0 7 2 3 1.9113323242234752
0 7 3 2 -1.9113323242234752
0 7 6 1 0.37492144000791389
0 7 6 9 -0.66198355985298796
0 7 7 0 -0.027994823980566391
0 7 7 8 0.69262898385393057
0 7 8 7 -0.69262898385393057
0 7 9 6 0.66198355985298796
0 8 0 8 0.0024473100980187904
0 8 2 4 -0.20108655107327736
0 8 4 2 0.20108655107327736
0 8 6 10 0.0096683799308481099
0 8 8 0 -0.0024473100980187904
0 8 10 6 -0.0096683799308481099
0 9 0 1 -2.9789383936684746
0 9 0 9 -0.13406653877566965
0 9 1 0 2.9789383936684746
0 9 1 8 -3.5455384791669573
0 9 2 5 -4.9719699752412767
0 9 3 4 -1.5627895277877826
0 9 4 3 1.5627895277877826
0 9 5 2 4.9719699752412767
0 9 6 11 -1.2564498071612462
0 9 7 10 1.6756902947143726
0 9 8 1 3.5455384791669573
0 9 8 9 -1.0695805639237868
0 9 9 0 0.13406653877566965
0 9 9 8 1.0695805639237868
0 9 10 7 -1.6756902947143726
0 9 11 6 1.2564498071612462
0 10 0 10 -0.30247025089568785
0 10 8 10 -0.067062770049115164
0 10 10 0 0.30247025089568785
0 10 10 8 0.067062770049115164
0 11 0 11 0.7262294543050789
0 11 1 10 -1.2911371741739812
0 11 4 5 -0.13631666759321667
0 11 5 4 0.13631666759321667
0 11 8 11 -1.0461361950481991
0 11 9 10 -0.58974758987081211
0 11 10 1 1.2911371741739812
0 11 10 9 0.58974758987081211
0 11 11 0 -0.7262294543050789
0 11 11 8 1.0461361950481991
1 0 0 1 0.2820590148720209
1 0 0 9 2.9789383936684746
1 0 1 0 -0.2820590148720209
1 0 1 8 3.9430720772010961
1 0 2 5 -1.7866383441430549
1 0 3 4 0.88507720146672197
1 0 4 3 -0.88507720146672197
1 0 5 2 1.7866383441430549
1 0 6 11 -0.15930944191573693
1 0 7 10 1.4328608996274312
1 0 8 1 -3.9430720772010961
1 0 8 9 1.3832031047194491
1 0 9 0 -2.9789383936684746
1 0 9 8 -1.3832031047194491
1 0 10 7 -1.4328608996274312
1 0 11 6 0.15930944191573693
1 6 0 7 -0.37492144000791389
1 6 1 6 0.89073829142490057
1 6 2 3 3.2130311673334715
1 6 3 2 -3.2130311673334715
1 6 6 1 -0.89073829142490057
1 6 6 9 0.31583554482836784
1 6 7 0 0.37492144000791389
1 6 7 8 0.012721757706493642
1 6 8 7 -0.012721757706493642
1 6 9 6 -0.31583554482836784
1 7 1 7 -0.1330100981079633
1 7 7 1 0.1330100981079633
1 7 7 9 0.18016017792977906
1 7 9 7 -0.18016017792977906
1 8 0 1 -3.9430720772010961
1 8 0 9 -3.5455384791669573
1 8 1 0 3.9430720772010961
1 8 1 8 -4.8730301999691932
1 8 2 5 -0.8274380655731608
1 8 3 4 1.4225102210572869
1 8 4 3 -1.4225102210572869
1 8 5 2 0.8274380655731608
1 8 6 11 0.87761547086113167
1 8 7 10 0.26865061201995477
1 8 8 1 4.8730301999691932
1 8 8 9 -2.3311786581341449
1 8 9 0 3.5455384791669573
1 8 9 8 2.3311786581341449
1 8 10 7 -0.26865061201995477
1 8 11 6 -0.87761547086113167
1 9 1 9 -2.8600361722529741
1 9 3 5 -0.9651748988559814
1 9 5 3 0.9651748988559814
1 9 7 11 0.57956830740626841
1 9 9 1 2.8600361722529741
1 9 11 7 -0.57956830740626841
1 10 0 11 -1.2911371741739812
1 10 1 10 -5.7147548308653686
1 10 4 5 -3.2511167989334639
1 10 5 4 3.2511167989334639
1 10 8 11 -0.55098594563309722
1 10 9 10 -3.0615915245993031
1 10 10 1 5.7147548308653686
1 10 10 9 3.0615915245993031
1 10 11 0 1.2911371741739812
1 10 11 8 0.55098594563309722
1 11 1 11 -0.97052642767457509
1 11 9 11 -0.35946043633403335
1 11 11 1 0.97052642767457509
1 11 11 9 0.35946043633403335
2 3 0 7 1.9113323242234752
2 3 1 6 3.2130311673334715
2 3 2 3 -1.49776289188371
2 3 3 2 1.49776289188371
2 3 6 1 -3.2130311673334715
2 3 6 9 -0.71293416901880191
2 3 7 0 -1.9113323242234752
2 3 7 8 -3.0164814052083457
2 3 8 7 3.0164814052083457
2 3 9 6 0.71293416901880191
2 4 0 8 -0.20108655107327736
2 4 2 4 2.0102021248415505
2 4 4 2 -2.0102021248415505
2 4 6 10 -1.5389383927990981
2 4 8 0 0.20108655107327736
2 4 10 6 1.5389383927990981
2 5 0 1 1.7866383441430549
2 5 0 9 -4.9719699752412767
2 5 1 0 -1.7866383441430549
2 5 1 8 -0.8274380655731608
2 5 2 5 1.7601330463991636
2 5 3 4 2.674959619826768
2 5 4 3 -2.674959619826768
2 5 5 2 -1.7601330463991636
2 5 6 11 3.248082083782208
2 5 7 10 -2.1942254485085027
2 5 8 1 0.8274380655731608
2 5 8 9 -1.1942636407808611
2 5 9 0 4.9719699752412767
2 5 9 8 1.1942636407808611
2 5 10 7 2.1942254485085027
2 5 11 6 -3.248082083782208
3 2 0 7 -1.9113323242234752
3 2 1 6 -3.2130311673334715
3 2 2 3 1.49776289188371
3 2 3 2 -1.49776289188371
3 2 6 1 3.2130311673334715
3 2 6 9 0.71293416901880191
3 2 7 0 1.9113323242234752
3 2 7 8 3.0164814052083457
3 2 8 7 -3.0164814052083457
3 2 9 6 -0.71293416901880191
3 4 0 1 -0.88507720146672197
3 4 0 9 -1.5627895277877826
3 4 1 0 0.88507720146672197
3 4 1 8 1.4225102210572869
3 4 2 5 2.674959619826768
3 4 3 4 3.7134473425510408
3 4 4 3 -3.7134473425510408
3 4 5 2 -2.674959619826768
3 4 6 11 1.0217449791211317
3 4 7 10 0.91573251492756147
3 4 8 1 -1.4225102210572869
3 4 8 9 -1.2953144759712951
3 4 9 0 1.5627895277877826
3 4 9 8 1.2953144759712951
3 4 10 7 -0.91573251492756147
3 4 11 6 -1.0217449791211317
3 5 1 9 -0.9651748988559814
3 5 3 5 -0.31283469073871478
3 5 5 3 0.31283469073871478
3 5 7 11 0.23448367383874485
3 5 9 1 0.9651748988559814
3 5 11 7 -0.23448367383874485
4 2 0 8 0.20108655107327736
4 2 2 4 -2.0102021248415505
4 2 4 2 2.0102021248415505
4 2 6 10 1.5389383927990981
4 2 8 0 -0.20108655107327736
4 2 10 6 -1.5389383927990981
4 3 0 1 0.88507720146672197
4 3 0 9 1.5627895277877826
4 3 1 0 -0.88507720146672197
4 3 1 8 -1.4225102210572869
4 3 2 5 -2.674959619826768
4 3 3 4 -3.7134473425510408
4 3 4 3 3.7134473425510408
4 3 5 2 2.674959619826768
4 3 6 11 -1.0217449791211317
4 3 7 10 -0.91573251492756147
4 3 8 1 1.4225102210572869
4 3 8 9 1.2953144759712951
4 3 9 0 -1.5627895277877826
4 3 9 8 -1.2953144759712951
4 3 10 7 0.91573251492756147
4 3 11 6 1.0217449791211317
4 5 0 11 -0.13631666759321667
4 5 1 10 -3.2511167989334639
4 5 4 5 -1.3548836658002295
4 5 5 4 1.3548836658002295
4 5 8 11 -0.28230005798336499
4 5 9 10 -1.5250824700273755
4 5 10 1 3.2511167989334639
4 5 10 9 1.5250824700273755
4 5 11 0 0.13631666759321667
4 5 11 8 0.28230005798336499
5 2 0 1 -1.7866383441430549
5 2 0 9 4.9719699752412767
5 2 1 0 1.7866383441430549
5 2 1 8 0.8274380655731608
5 2 2 5 -1.7601330463991636
5 2 3 4 -2.674959619826768
5 2 4 3 2.674959619826768
5 2 5 2 1.7601330463991636
5 2 6 11 -3.248082083782208
5 2 7 10 2.1942254485085027
5 2 8 1 -0.8274380655731608
5 2 8 9 1.1942636407808611
5 2 9 0 -4.9719699752412767
5 2 9 8 -1.1942636407808611
5 2 10 7 -2.1942254485085027
5 2 11 6 3.248082083782208
5 3 1 9 0.9651748988559814
5 3 3 5 0.31283469073871478
5 3 5 3 -0.31283469073871478
5 3 7 11 -0.23448367383874485
5 3 9 1 -0.9651748988559814
5 3 11 7 0.23448367383874485
5 4 0 11 0.13631666759321667
5 4 1 10 3.2511167989334639
5 4 4 5 1.3548836658002295
5 4 5 4 -1.3548836658002295
5 4 8 11 0.28230005798336499
5 4 9 10 1.5250824700273755
5 4 10 1 -3.2511167989334639
5 4 10 9 -1.5250824700273755
5 4 11 0 -0.13631666759321667
5 4 11 8 -0.28230005798336499
6 0 0 6 0.49380298251491389
6 0 6 0 -0.49380298251491389
6 0 6 8 -1.2569635873017631
6 0 8 6 1.2569635873017631
6 1 0 7 0.37492144000791389
6 1 1 6 -0.89073829142490057
6 1 2 3 -3.2130311673334715
6 1 3 2 3.2130311673334715
6 1 6 1 0.89073829142490057
6 1 6 9 -0.31583554482836784
6 1 7 0 -0.37492144000791389
6 1 7 8 -0.012721757706493642
6 1 8 7 0.012721757706493642
6 1 9 6 0.31583554482836784
6 8 0 6 1.2569635873017631
6 8 6 0 -1.2569635873017631
6 9 0 7 -0.66198355985298796
6 9 1 6 0.31583554482836784
6 9 2 3 -0.71293416901880191
6 9 3 2 0.71293416901880191
6 9 6 1 -0.31583554482836784
6 9 6 9 1.2477803411786099
6 9 7 0 0.66198355985298796
6 9 7 8 -0.47576645762403591
6 9 8 7 0.47576645762403591
6 9 9 6 -1.2477803411786099
6 10 0 8 0.0096683799308481099
6 10 2 4 -1.5389383927990981
6 10 4 2 1.5389383927990981
6 10 8 0 -0.0096683799308481099
6 11 0 1 0.15930944191573693
6 11 0 9 -1.2564498071612462
6 11 1 0 -0.15930944191573693
6 11 1 8 0.87761547086113167
6 11 2 5 3.248082083782208
6 11 3 4 1.0217449791211317
6 11 4 3 -1.0217449791211317
6 11 5 2 -3.248082083782208
6 11 6 11 -0.33983232302229399
6 11 7 10 0.35863771279327716
6 11 8 1 -0.87761547086113167
6 11 8 9 -0.65288801766143345
6 11 9 0 1.2564498071612462
6 11 9 8 0.65288801766143345
6 11 10 7 -0.35863771279327716
6 11 11 6 0.33983232302229399
7 0 0 7 -0.027994823980566391
7 0 1 6 0.37492144000791389
7 0 2 3 -1.9113323242234752
7 0 3 2 1.9113323242234752
7 0 6 1 -0.37492144000791389
7 0 6 9 0.66198355985298796
7 0 7 0 0.027994823980566391
7 0 7 8 -0.69262898385393057
7 0 8 7 0.69262898385393057
7 0 9 6 -0.66198355985298796
7 1 1 7 0.1330100981079633
7 1 7 1 -0.1330100981079633
7 1 7 9 -0.18016017792977906
7 1 9 7 0.18016017792977906
7 8 0 7 0.69262898385393057
7 8 1 6 0.012721757706493642
7 8 2 3 -3.0164814052083457
7 8 3 2 3.0164814052083457
7 8 6 1 -0.012721757706493642
7 8 6 9 -0.47576645762403591
7 8 7 0 -0.69262898385393057
7 8 7 8 -1.2477803411786099
7 8 8 7 1.2477803411786099
7 8 9 6 0.47576645762403591
7 9 1 7 0.18016017792977906
7 9 7 1 -0.18016017792977906
7 10 0 1 -1.4328608996274312
7 10 0 9 1.6756902947143726
7 10 1 0 1.4328608996274312
7 10 1 8 0.26865061201995477
7 10 2 5 -2.1942254485085027
7 10 3 4 0.91573251492756147
7 10 4 3 -0.91573251492756147
7 10 5 2 2.1942254485085027
7 10 6 11 0.35863771279327716
7 10 7 10 0.7924502028630549
7 10 8 1 -0.26865061201995477
7 10 8 9 0.18718912031595636
7 10 9 0 -1.6756902947143726
7 10 9 8 -0.18718912031595636
7 10 10 7 -0.7924502028630549
7 10 11 6 -0.35863771279327716
7 11 1 9 0.57956830740626841
7 11 3 5 0.23448367383874485
7 11 5 3 -0.23448367383874485
7 11 9 1 -0.57956830740626841
8 0 0 8 -0.0024473100980187904
8 0 2 4 0.20108655107327736
8 0 4 2 -0.20108655107327736
8 0 6 10 -0.0096683799308481099
8 0 8 0 0.0024473100980187904
8 0 10 6 0.0096683799308481099
8 1 0 1 3.9430720772010961
8 1 0 9 3.5455384791669573
8 1 1 0 -3.9430720772010961
8 1 1 8 4.8730301999691932
8 1 2 5 0.8274380655731608
8 1 3 4 -1.4225102210572869
8 1 4 3 1.4225102210572869
8 1 5 2 -0.8274380655731608
8 1 6 11 -0.87761547086113167
8 1 7 10 -0.26865061201995477
8 1 8 1 -4.8730301999691932
8 1 8 9 2.3311786581341449
8 1 9 0 -3.5455384791669573
8 1 9 8 -2.3311786581341449
8 1 10 7 0.26865061201995477
8 1 11 6 0.87761547086113167
8 6 0 6 -1.2569635873017631
8 6 6 0 1.2569635873017631
8 7 0 7 -0.69262898385393057
8 7 1 6 -0.012721757706493642
8 7 2 3 3.0164814052083457
8 7 3 2 -3.0164814052083457
8 7 6 1 0.012721757706493642
8 7 6 9 0.47576645762403591
8 7 7 0 0.69262898385393057
8 7 7 8 1.2477803411786099
8 7 8 7 -1.2477803411786099
8 7 9 6 -0.47576645762403591
8 9 0 1 -1.3832031047194491
8 9 0 9 -1.0695805639237868
8 9 1 0 1.3832031047194491
8 9 1 8 -2.3311786581341449
8 9 2 5 -1.1942636407808611
8 9 3 4 -1.2953144759712951
8 9 4 3 1.2953144759712951
8 9 5 2 1.1942636407808611
8 9 6 11 -0.65288801766143345
8 9 7 10 0.18718912031595636
8 9 8 1 2.3311786581341449
8 9 8 9 -0.45261787984076102
8 9 9 0 1.0695805639237868
8 9 9 8 0.45261787984076102
8 9 10 7 -0.18718912031595636
8 9 11 6 0.65288801766143345
8 10 0 10 -0.067062770049115164
8 10 10 0 0.067062770049115164
8 11 0 11 -1.0461361950481991
8 11 1 10 -0.55098594563309722
8 11 4 5 -0.28230005798336499
8 11 5 4 0.28230005798336499
8 11 8 11 2.8198830238280403
8 11 9 10 -0.34801845891967242
8 11 10 1 0.55098594563309722
8 11 10 9 0.34801845891967242
8 11 11 0 1.0461361950481991
8 11 11 8 -2.8198830238280403
9 0 0 1 2.9789383936684746
9 0 0 9 0.13406653877566965
9 0 1 0 -2.9789383936684746
9 0 1 8 3.5455384791669573
9 0 2 5 4.9719699752412767
9 0 3 4 1.5627895277877826
9 0 4 3 -1.5627895277877826
9 0 5 2 -4.9719699752412767
9 0 6 11 1.2564498071612462
9 0 7 10 -1.6756902947143726
9 0 8 1 -3.5455384791669573
9 0 8 9 1.0695805639237868
9 0 9 0 -0.13406653877566965
9 0 9 8 -1.0695805639237868
9 0 10 7 1.6756902947143726
9 0 11 6 -1.2564498071612462
9 1 1 9 2.8600361722529741
9 1 3 5 0.9651748988559814
9 1 5 3 -0.9651748988559814
9 1 7 11 -0.57956830740626841
9 1 9 1 -2.8600361722529741
9 1 11 7 0.57956830740626841
9 6 0 7 0.66198355985298796
9 6 1 6 -0.31583554482836784
9 6 2 3 0.71293416901880191
9 6 3 2 -0.71293416901880191
9 6 6 1 0.31583554482836784
9 6 6 9 -1.2477803411786099
9 6 7 0 -0.66198355985298796
9 6 7 8 0.47576645762403591
9 6 8 7 -0.47576645762403591
9 6 9 6 1.2477803411786099
9 7 1 7 -0.18016017792977906
9 7 7 1 0.18016017792977906
9 8 0 1 1.3832031047194491
9 8 0 9 1.0695805639237868
9 8 1 0 -1.3832031047194491
9 8 1 8 2.3311786581341449
9 8 2 5 1.1942636407808611
9 8 3 4 1.2953144759712951
9 8 4 3 -1.2953144759712951
9 8 5 2 -1.1942636407808611
9 8 6 11 0.65288801766143345
9 8 7 10 -0.18718912031595636
9 8 8 1 -2.3311786581341449
9 8 8 9 0.45261787984076102
9 8 9 0 -1.0695805639237868
9 8 9 8 -0.45261787984076102
9 8 10 7 0.18718912031595636
9 8 11 6 -0.65288801766143345
9 10 0 11 -0.58974758987081211
9 10 1 10 -3.0615915245993031
9 10 4 5 -1.5250824700273755
9 10 5 4 1.5250824700273755
9 10 8 11 -0.34801845891967242
9 10 9 10 -2.8198830238280403
9 10 10 1 3.0615915245993031
9 10 10 9 2.8198830238280403
9 10 11 0 0.58974758987081211
9 10 11 8 0.34801845891967242
9 11 1 11 -0.35946043633403335
9 11 11 1 0.35946043633403335
10 0 0 10 0.30247025089568785
10 0 8 10 0.067062770049115164
10 0 10 0 -0.30247025089568785
10 0 10 8 -0.067062770049115164
10 1 0 11 1.2911371741739812
10 1 1 10 5.7147548308653686
10 1 4 5 3.2511167989334639
10 1 5 4 -3.2511167989334639
10 1 8 11 0.55098594563309722
10 1 9 10 3.0615915245993031
10 1 10 1 -5.7147548308653686
10 1 10 9 -3.0615915245993031
10 1 11 0 -1.2911371741739812
10 1 11 8 -0.55098594563309722
10 6 0 8 -0.0096683799308481099
10 6 2 4 1.5389383927990981
10 6 4 2 -1.5389383927990981
10 6 8 0 0.0096683799308481099
10 7 0 1 1.4328608996274312
10 7 0 9 -1.6756902947143726
10 7 1 0 -1.4328608996274312
10 7 1 8 -0.26865061201995477
10 7 2 5 2.1942254485085027
10 7 3 4 -0.91573251492756147
10 7 4 3 0.91573251492756147
10 7 5 2 -2.1942254485085027
10 7 6 11 -0.35863771279327716
10 7 7 10 -0.7924502028630549
10 7 8 1 0.26865061201995477
10 7 8 9 -0.18718912031595636
10 7 9 0 1.6756902947143726
10 7 9 8 0.18718912031595636
10 7 10 7 0.7924502028630549
10 7 11 6 0.35863771279327716
10 8 0 10 0.067062770049115164
10 8 10 0 -0.067062770049115164
10 9 0 11 0.58974758987081211
10 9 1 10 3.0615915245993031
10 9 4 5 1.5250824700273755
10 9 5 4 -1.5250824700273755
10 9 8 11 0.34801845891967242
10 9 9 10 2.8198830238280403
10 9 10 1 -3.0615915245993031
10 9 10 9 -2.8198830238280403
10 9 11 0 -0.58974758987081211
10 9 11 8 -0.34801845891967242
11 0 0 11 -0.7262294543050789
11 0 1 10 1.2911371741739812
11 0 4 5 0.13631666759321667
11 0 5 4 -0.13631666759321667
11 0 8 11 1.0461361950481991
11 0 9 10 0.58974758987081211
11 0 10 1 -1.2911371741739812
11 0 10 9 -0.58974758987081211
11 0 11 0 0.7262294543050789
11 0 11 8 -1.0461361950481991
11 1 1 11 0.97052642767457509
11 1 9 11 0.35946043633403335
11 1 11 1 -0.97052642767457509
11 1 11 9 -0.35946043633403335
11 6 0 1 -0.15930944191573693
11 6 0 9 1.2564498071612462
11 6 1 0 0.15930944191573693
11 6 1 8 -0.87761547086113167
11 6 2 5 -3.248082083782208
11 6 3 4 -1.0217449791211317
11 6 4 3 1.0217449791211317
11 6 5 2 3.248082083782208
11 6 6 11 0.33983232302229399
11 6 7 10 -0.35863771279327716
11 6 8 1 0.87761547086113167
11 6 8 9 0.65288801766143345
11 6 9 0 -1.2564498071612462
11 6 9 8 -0.65288801766143345
11 6 10 7 0.35863771279327716
11 6 11 6 -0.33983232302229399
11 7 1 9 -0.57956830740626841
11 7 3 5 -0.23448367383874485
11 7 5 3 0.23448367383874485
11 7 9 1 0.57956830740626841
11 8 0 11 1.0461361950481991
11 8 1 10 0.55098594563309722
11 8 4 5 0.28230005798336499
11 8 5 4 -0.28230005798336499
11 8 8 11 -2.8198830238280403
11 8 9 10 0.34801845891967242
11 8 10 1 -0.55098594563309722
11 8 10 9 -0.34801845891967242
11 8 11 0 -1.0461361950481991
11 8 11 8 2.8198830238280403
11 9 1 11 0.35946043633403335
11 9 11 1 -0.35946043633403335
