0 1 0 1 -1.0120193260164343
0 1 0 9 1.1585377744166998
0 1 1 0 1.0120193260164343
0 1 1 8 -0.78838667722427791
0 1 2 5 1.9183094066108108
0 1 3 4 -0.61936911638027248
0 1 4 3 0.61936911638027248
0 1 5 2 -1.9183094066108108
0 1 6 11 -3.1736414346080482
0 1 7 10 1.5199502571413479
0 1 8 1 0.78838667722427791
0 1 8 9 1.8044095207400077
0 1 9 0 -1.1585377744166998
0 1 9 8 -1.8044095207400077
0 1 10 7 -1.5199502571413479
0 1 11 6 3.1736414346080482
0 2 2 8 -0.14092507641730881
0 2 4 6 0.019770137178936716
0 2 6 4 -0.019770137178936716
0 2 8 2 0.14092507641730881
0 3 0 3 -1.195058456756227
0 3 1 2 1.8595112494327131
0 3 2 1 -1.8595112494327131
0 3 2 9 -0.57690549901297805
0 3 3 0 1.195058456756227
0 3 3 8 -0.44512358189702217
0 3 4 7 1.3679142886874498
0 3 5 6 -0.058940727760975947
0 3 6 5 0.058940727760975947
0 3 7 4 -1.3679142886874498
0 3 8 3 0.44512358189702217
0 3 9 2 0.57690549901297805
0 4 2 10 -0.2420618614214213
0 4 4 8 0.75638223573745234
0 4 8 4 -0.75638223573745234
0 4 10 2 0.2420618614214213
0 5 0 5 -1.9715228448555686
0 5 1 4 -0.54544719039466538
0 5 2 11 1.7196175922941259
0 5 3 10 1.6589808206590617
0 5 4 1 0.54544719039466538
0 5 4 9 1.9863781938254852
0 5 5 0 1.9715228448555686
0 5 5 8 -0.55881030682939481
0 5 8 5 0.55881030682939481
0 5 9 4 -1.9863781938254852
0 5 10 3 -1.6589808206590617
0 5 11 2 -1.7196175922941259
0 7 0 7 4.0928695043458161
0 7 1 6 -0.2911173599414294
0 7 2 3 -1.6967868314606303
0 7 3 2 1.6967868314606303
0 7 6 1 0.2911173599414294
0 7 6 9 4.2550200917685608
0 7 7 0 -4.0928695043458161
0 7 7 8 -1.0075016248395938
0 7 8 7 1.0075016248395938
0 7 9 6 -4.2550200917685608
0 8 0 8 2.9555322122109646
0 8 2 4 1.9679610327941208
0 8 4 2 -1.9679610327941208
0 8 6 10 -2.5063596737351679
0 8 8 0 -2.9555322122109646
0 8 10 6 2.5063596737351679
0 9 0 1 1.1585377744166998
0 9 0 9 -9.6113689844565577
0 9 1 0 -1.1585377744166998
0 9 1 8 -4.1649753424149232
0 9 2 5 2.097400138372159
0 9 3 4 -0.28692152536216708
0 9 4 3 0.28692152536216708
0 9 5 2 -2.097400138372159
0 9 6 11 7.8383058233762437
0 9 7 10 -0.3422445592048593
0 9 8 1 4.1649753424149232
0 9 8 9 -1.7930184530667697
0 9 9 0 9.6113689844565577
0 9 9 8 1.7930184530667697
0 9 10 7 0.3422445592048593
0 9 11 6 -7.8383058233762437
0 11 0 11 2.2828313893264029
0 11 1 10 0.0060379602965455748
0 11 4 5 -0.19572622183588467
0 11 5 4 0.19572622183588467
0 11 8 11 -0.52402468680739556
0 11 9 10 0.28613682683229541
0 11 10 1 -0.0060379602965455748
0 11 10 9 -0.28613682683229541
0 11 11 0 -2.2828313893264029
0 11 11 8 0.52402468680739556
1 0 0 1 1.0120193260164343
1 0 0 9 -1.1585377744166998
1 0 1 0 -1.0120193260164343
1 0 1 8 0.78838667722427791
1 0 2 5 -1.9183094066108108
1 0 3 4 0.61936911638027248
1 0 4 3 -0.61936911638027248
1 0 5 2 1.9183094066108108
1 0 6 11 3.1736414346080482
1 0 7 10 -1.5199502571413479
1 0 8 1 -0.78838667722427791
1 0 8 9 -1.8044095207400077
1 0 9 0 1.1585377744166998
1 0 9 8 1.8044095207400077
1 0 10 7 1.5199502571413479
1 0 11 6 -3.1736414346080482
1 2 0 3 1.8595112494327131
1 2 1 2 1.195058456756227
1 2 2 1 -1.195058456756227
1 2 2 9 4.3607647834316055
1 2 3 0 -1.8595112494327131
1 2 3 8 0.75022846225923323
1 2 4 7 -1.320595005557482
1 2 5 6 -5.5963094858753184
1 2 6 5 5.5963094858753184
1 2 7 4 1.320595005557482
1 2 8 3 -0.75022846225923323
1 2 9 2 -4.3607647834316055
1 3 3 9 0.55278793997261866
1 3 5 7 0.54644181884371212
1 3 7 5 -0.54644181884371212
1 3 9 3 -0.55278793997261866
1 4 0 5 -0.54544719039466538
1 4 1 4 1.9715228448555686
1 4 2 11 2.0673707501105323
1 4 3 10 1.522323734664158
1 4 4 1 -1.9715228448555686
1 4 4 9 1.9613995727456424
1 4 5 0 0.54544719039466538
1 4 5 8 -1.848761691623664
1 4 8 5 1.848761691623664
1 4 9 4 -1.9613995727456424
1 4 10 3 -1.522323734664158
1 4 11 2 -2.0673707501105323
1 5 3 11 0.12108847827384216
1 5 5 9 0.46213564595674794
1 5 9 5 -0.46213564595674794
1 5 11 3 -0.12108847827384216
1 6 0 7 -0.2911173599414294
1 6 1 6 -0.13749426407314302
1 6 2 3 -0.21290467021359197
1 6 3 2 0.21290467021359197
1 6 6 1 0.13749426407314302
1 6 6 9 0.52459301860743646
1 6 7 0 0.2911173599414294
1 6 7 8 -0.46839988629539314
1 6 8 7 0.46839988629539314
1 6 9 6 -0.52459301860743646
1 8 0 1 -0.78838667722427791
1 8 0 9 -4.1649753424149232
1 8 1 0 0.78838667722427791
1 8 1 8 -3.1425674644517056
1 8 2 5 2.6350749168656971
1 8 3 4 -0.02191957407736822
1 8 4 3 0.02191957407736822
1 8 5 2 -2.6350749168656971
1 8 6 11 3.2929390251085962
1 8 7 10 0.012748728512224139
1 8 8 1 3.1425674644517056
1 8 8 9 -0.97679179150701811
1 8 9 0 4.1649753424149232
1 8 9 8 0.97679179150701811
1 8 10 7 -0.012748728512224139
1 8 11 6 -3.2929390251085962
1 9 1 9 0.66589019210719724
1 9 3 5 1.1436410287730527
1 9 5 3 -1.1436410287730527
1 9 7 11 -0.039769079492022352
1 9 9 1 -0.66589019210719724
1 9 11 7 0.039769079492022352
1 10 0 11 0.0060379602965455748
1 10 1 10 -1.3511868835386884
1 10 4 5 0.1500640762536983
1 10 5 4 -0.1500640762536983
1 10 8 11 -1.1852710299136171
1 10 9 10 0.80084205973676825
1 10 10 1 1.3511868835386884
1 10 10 9 -0.80084205973676825
1 10 11 0 -0.0060379602965455748
1 10 11 8 1.1852710299136171
2 0 2 8 0.14092507641730881
2 0 4 6 -0.019770137178936716
2 0 6 4 0.019770137178936716
2 0 8 2 -0.14092507641730881
2 1 0 3 -1.8595112494327131
2 1 1 2 -1.195058456756227
2 1 2 1 1.195058456756227
2 1 2 9 -4.3607647834316055
2 1 3 0 1.8595112494327131
2 1 3 8 -0.75022846225923323
2 1 4 7 1.320595005557482
2 1 5 6 5.5963094858753184
2 1 6 5 -5.5963094858753184
2 1 7 4 -1.320595005557482
2 1 8 3 0.75022846225923323
2 1 9 2 4.3607647834316055
2 3 0 7 -1.6967868314606303
2 3 1 6 -0.21290467021359197
2 3 6 1 0.21290467021359197
2 3 6 9 -0.019624323221924454
2 3 7 0 1.6967868314606303
2 3 7 8 -0.72113070677179647
2 3 8 7 0.72113070677179647
2 3 9 6 0.019624323221924454
2 4 0 8 1.9679610327941208
2 4 6 10 -1.2802638149296997
2 4 8 0 -1.9679610327941208
2 4 10 6 1.2802638149296997
2 5 0 1 1.9183094066108108
2 5 0 9 2.097400138372159
2 5 1 0 -1.9183094066108108
2 5 1 8 2.6350749168656971
2 5 2 5 -2.838095615584435
2 5 3 4 -0.16508734682292914
2 5 4 3 0.16508734682292914
2 5 5 2 2.838095615584435
2 5 6 11 -1.3008024431066723
2 5 7 10 -0.93699954462177426
2 5 8 1 -2.6350749168656971
2 5 8 9 -0.014662853581695501
2 5 9 0 -2.097400138372159
2 5 9 8 0.014662853581695501
2 5 10 7 0.93699954462177426
2 5 11 6 1.3008024431066723
2 8 0 2 -0.14092507641730881
2 8 2 0 0.14092507641730881
2 8 2 8 -0.041722416101647168
2 8 4 6 -1.3592528873954786
2 8 6 4 1.3592528873954786
2 8 8 2 0.041722416101647168
2 9 0 3 -0.57690549901297805
2 9 1 2 4.3607647834316055
2 9 2 1 -4.3607647834316055
2 9 2 9 4.1895113968327964
2 9 3 0 0.57690549901297805
2 9 3 8 -1.2760127097467875
2 9 4 7 0.031872593237091351
2 9 5 6 0.44736872148718998
2 9 6 5 -0.44736872148718998
2 9 7 4 -0.031872593237091351
2 9 8 3 1.2760127097467875
2 9 9 2 -4.1895113968327964
2 10 0 4 -0.2420618614214213
2 10 2 10 -0.71196482758817914
2 10 4 0 0.2420618614214213
2 10 4 8 1.0514986462807006
2 10 8 4 -1.0514986462807006
2 10 10 2 0.71196482758817914
2 11 0 5 1.7196175922941259
2 11 1 4 2.0673707501105323
2 11 2 11 0.75168335499758465
2 11 3 10 -0.77441311338656937
2 11 4 1 -2.0673707501105323
2 11 4 9 -1.6232098621843698
2 11 5 0 -1.7196175922941259
2 11 5 8 -0.20497621890010398
2 11 8 5 0.20497621890010398
2 11 9 4 1.6232098621843698
2 11 10 3 0.77441311338656937
2 11 11 2 -0.75168335499758465
3 0 0 3 1.195058456756227
3 0 1 2 -1.8595112494327131
3 0 2 1 1.8595112494327131
3 0 2 9 0.57690549901297805
3 0 3 0 -1.195058456756227
3 0 3 8 0.44512358189702217
3 0 4 7 -1.3679142886874498
3 0 5 6 0.058940727760975947
3 0 6 5 -0.058940727760975947
3 0 7 4 1.3679142886874498
3 0 8 3 -0.44512358189702217
3 0 9 2 -0.57690549901297805
3 1 3 9 -0.55278793997261866
3 1 5 7 -0.54644181884371212
3 1 7 5 0.54644181884371212
3 1 9 3 0.55278793997261866
3 2 0 7 1.6967868314606303
3 2 1 6 0.21290467021359197
3 2 6 1 -0.21290467021359197
3 2 6 9 0.019624323221924454
3 2 7 0 -1.6967868314606303
3 2 7 8 0.72113070677179647
3 2 8 7 -0.72113070677179647
3 2 9 6 -0.019624323221924454
3 4 0 1 -0.61936911638027248
3 4 0 9 -0.28692152536216708
3 4 1 0 0.61936911638027248
3 4 1 8 -0.02191957407736822
3 4 2 5 -0.16508734682292914
3 4 3 4 3.8501149416008693
3 4 4 3 -3.8501149416008693
3 4 5 2 0.16508734682292914
3 4 6 11 -4.7722676524798313
3 4 7 10 1.8076927237329778
3 4 8 1 0.02191957407736822
3 4 8 9 1.5540053194766463
3 4 9 0 0.28692152536216708
3 4 9 8 -1.5540053194766463
3 4 10 7 -1.8076927237329778
3 4 11 6 4.7722676524798313
3 5 1 9 1.1436410287730527
3 5 7 11 -0.8551452533501257
3 5 9 1 -1.1436410287730527
3 5 11 7 0.8551452533501257
3 8 0 3 -0.44512358189702217
3 8 1 2 0.75022846225923323
3 8 2 1 -0.75022846225923323
3 8 2 9 -1.2760127097467875
3 8 3 0 0.44512358189702217
3 8 3 8 0.52677690031111091
3 8 4 7 1.1389934206370667
3 8 5 6 -2.1116247566704929
3 8 6 5 2.1116247566704929
3 8 7 4 -1.1389934206370667
3 8 8 3 -0.52677690031111091
3 8 9 2 1.2760127097467875
3 9 1 3 0.55278793997261866
3 9 3 1 -0.55278793997261866
3 9 3 9 -0.024138467121163146
3 9 5 7 0.14186884182419546
3 9 7 5 -0.14186884182419546
3 9 9 3 0.024138467121163146
3 10 0 5 1.6589808206590617
3 10 1 4 1.522323734664158
3 10 2 11 -0.77441311338656937
3 10 3 10 -1.2273062449444498
3 10 4 1 -1.522323734664158
3 10 4 9 -1.3406091613344584
3 10 5 0 -1.6589808206590617
3 10 5 8 -0.4057614057973814
3 10 8 5 0.4057614057973814
3 10 9 4 1.3406091613344584
3 10 10 3 1.2273062449444498
3 10 11 2 0.77441311338656937
3 11 1 5 0.12108847827384216
3 11 3 11 0.73702279420782679
3 11 5 1 -0.12108847827384216
3 11 5 9 1.7108705112900804
3 11 9 5 -1.7108705112900804
3 11 11 3 -0.73702279420782679
4 0 2 10 0.2420618614214213
4 0 4 8 -0.75638223573745234
4 0 8 4 0.75638223573745234
4 0 10 2 -0.2420618614214213
4 1 0 5 0.54544719039466538
4 1 1 4 -1.9715228448555686
4 1 2 11 -2.0673707501105323
4 1 3 10 -1.522323734664158
4 1 4 1 1.9715228448555686
4 1 4 9 -1.9613995727456424
4 1 5 0 -0.54544719039466538
4 1 5 8 1.848761691623664
4 1 8 5 -1.848761691623664
4 1 9 4 1.9613995727456424
4 1 10 3 1.522323734664158
4 1 11 2 2.0673707501105323
4 2 0 8 -1.9679610327941208
4 2 6 10 1.2802638149296997
4 2 8 0 1.9679610327941208
4 2 10 6 -1.2802638149296997
4 3 0 1 0.61936911638027248
4 3 0 9 0.28692152536216708
4 3 1 0 -0.61936911638027248
4 3 1 8 0.02191957407736822
4 3 2 5 0.16508734682292914
4 3 3 4 -3.8501149416008693
4 3 4 3 3.8501149416008693
4 3 5 2 -0.16508734682292914
4 3 6 11 4.7722676524798313
4 3 7 10 -1.8076927237329778
4 3 8 1 -0.02191957407736822
4 3 8 9 -1.5540053194766463
4 3 9 0 -0.28692152536216708
4 3 9 8 1.5540053194766463
4 3 10 7 1.8076927237329778
4 3 11 6 -4.7722676524798313
4 5 0 11 -0.19572622183588467
4 5 1 10 0.1500640762536983
4 5 8 11 0.17686441880203338
4 5 9 10 -0.11369660194760223
4 5 10 1 -0.1500640762536983
4 5 10 9 0.11369660194760223
4 5 11 0 0.19572622183588467
4 5 11 8 -0.17686441880203338
4 6 0 2 0.019770137178936716
4 6 2 0 -0.019770137178936716
4 6 2 8 -1.3592528873954786
4 6 4 6 0.38219564151921326
4 6 6 4 -0.38219564151921326
4 6 8 2 1.3592528873954786
4 7 0 3 1.3679142886874498
4 7 1 2 -1.320595005557482
4 7 2 1 1.320595005557482
4 7 2 9 0.031872593237091351
4 7 3 0 -1.3679142886874498
4 7 3 8 1.1389934206370667
4 7 4 7 -1.2723216401846429
4 7 5 6 -0.15438724932220316
4 7 6 5 0.15438724932220316
4 7 7 4 1.2723216401846429
4 7 8 3 -1.1389934206370667
4 7 9 2 -0.031872593237091351
4 8 0 4 0.75638223573745234
4 8 2 10 1.0514986462807006
4 8 4 0 -0.75638223573745234
4 8 4 8 0.38032284495029339
4 8 8 4 -0.38032284495029339
4 8 10 2 -1.0514986462807006
4 9 0 5 1.9863781938254852
4 9 1 4 1.9613995727456424
4 9 2 11 -1.6232098621843698
4 9 3 10 -1.3406091613344584
4 9 4 1 -1.9613995727456424
4 9 4 9 -0.84018542983425215
4 9 5 0 -1.9863781938254852
4 9 5 8 -1.0297912315290867
4 9 8 5 1.0297912315290867
4 9 9 4 0.84018542983425215
4 9 10 3 1.3406091613344584
4 9 11 2 1.6232098621843698
5 0 0 5 1.9715228448555686
5 0 1 4 0.54544719039466538
5 0 2 11 -1.7196175922941259
5 0 3 10 -1.6589808206590617
5 0 4 1 -0.54544719039466538
5 0 4 9 -1.9863781938254852
5 0 5 0 -1.9715228448555686
5 0 5 8 0.55881030682939481
5 0 8 5 -0.55881030682939481
5 0 9 4 1.9863781938254852
5 0 10 3 1.6589808206590617
5 0 11 2 1.7196175922941259
5 1 3 11 -0.12108847827384216
5 1 5 9 -0.46213564595674794
5 1 9 5 0.46213564595674794
5 1 11 3 0.12108847827384216
5 2 0 1 -1.9183094066108108
5 2 0 9 -2.097400138372159
5 2 1 0 1.9183094066108108
5 2 1 8 -2.6350749168656971
5 2 2 5 2.838095615584435
5 2 3 4 0.16508734682292914
5 2 4 3 -0.16508734682292914
5 2 5 2 -2.838095615584435
5 2 6 11 1.3008024431066723
5 2 7 10 0.93699954462177426
5 2 8 1 2.6350749168656971
5 2 8 9 0.014662853581695501
5 2 9 0 2.097400138372159
5 2 9 8 -0.014662853581695501
5 2 10 7 -0.93699954462177426
5 2 11 6 -1.3008024431066723
5 3 1 9 -1.1436410287730527
5 3 7 11 0.8551452533501257
5 3 9 1 1.1436410287730527
5 3 11 7 -0.8551452533501257
5 4 0 11 0.19572622183588467
5 4 1 10 -0.1500640762536983
5 4 8 11 -0.17686441880203338
5 4 9 10 0.11369660194760223
5 4 10 1 0.1500640762536983
5 4 10 9 -0.11369660194760223
5 4 11 0 -0.19572622183588467
5 4 11 8 0.17686441880203338
5 6 0 3 -0.058940727760975947
5 6 1 2 -5.5963094858753184
5 6 2 1 5.5963094858753184
5 6 2 9 0.44736872148718998
5 6 3 0 0.058940727760975947
5 6 3 8 -2.1116247566704929
5 6 4 7 -0.15438724932220316
5 6 5 6 -3.6420996959236822
5 6 6 5 3.6420996959236822
5 6 7 4 0.15438724932220316
5 6 8 3 2.1116247566704929
5 6 9 2 -0.44736872148718998
5 7 1 3 0.54644181884371212
5 7 3 1 -0.54644181884371212
5 7 3 9 0.14186884182419546
5 7 5 7 0.30406773487199618
5 7 7 5 -0.30406773487199618
5 7 9 3 -0.14186884182419546
5 8 0 5 -0.55881030682939481
5 8 1 4 -1.848761691623664
5 8 2 11 -0.20497621890010398
5 8 3 10 -0.4057614057973814
5 8 4 1 1.848761691623664
5 8 4 9 -1.0297912315290867
5 8 5 0 0.55881030682939481
5 8 5 8 1.5053223364181993
5 8 8 5 -1.5053223364181993
5 8 9 4 1.0297912315290867
5 8 10 3 0.4057614057973814
5 8 11 2 0.20497621890010398
5 9 1 5 0.46213564595674794
5 9 3 11 1.7108705112900804
5 9 5 1 -0.46213564595674794
5 9 5 9 2.3238154206477124
5 9 9 5 -2.3238154206477124
5 9 11 3 -1.7108705112900804
6 1 0 7 0.2911173599414294
6 1 1 6 0.13749426407314302
6 1 2 3 0.21290467021359197
6 1 3 2 -0.21290467021359197
6 1 6 1 -0.13749426407314302
6 1 6 9 -0.52459301860743646
6 1 7 0 -0.2911173599414294
6 1 7 8 0.46839988629539314
6 1 8 7 -0.46839988629539314
6 1 9 6 0.52459301860743646
6 4 0 2 -0.019770137178936716
6 4 2 0 0.019770137178936716
6 4 2 8 1.3592528873954786
6 4 4 6 -0.38219564151921326
6 4 6 4 0.38219564151921326
6 4 8 2 -1.3592528873954786
6 5 0 3 0.058940727760975947
6 5 1 2 5.5963094858753184
6 5 2 1 -5.5963094858753184
6 5 2 9 -0.44736872148718998
6 5 3 0 -0.058940727760975947
6 5 3 8 2.1116247566704929
6 5 4 7 0.15438724932220316
6 5 5 6 3.6420996959236822
6 5 6 5 -3.6420996959236822
6 5 7 4 -0.15438724932220316
6 5 8 3 -2.1116247566704929
6 5 9 2 0.44736872148718998
6 9 0 7 4.2550200917685608
6 9 1 6 0.52459301860743646
6 9 2 3 -0.019624323221924454
6 9 3 2 0.019624323221924454
6 9 6 1 -0.52459301860743646
6 9 6 9 0.097876074436487964
6 9 7 0 -4.2550200917685608
6 9 7 8 1.7766040584406881
6 9 8 7 -1.7766040584406881
6 9 9 6 -0.097876074436487964
6 10 0 8 -2.5063596737351679
6 10 2 4 -1.2802638149296997
6 10 4 2 1.2802638149296997
6 10 6 10 2.0102021248415505
6 10 8 0 2.5063596737351679
6 10 10 6 -2.0102021248415505
6 11 0 1 -3.1736414346080482
6 11 0 9 7.8383058233762437
6 11 1 0 3.1736414346080482
6 11 1 8 3.2929390251085962
6 11 2 5 -1.3008024431066723
6 11 3 4 -4.7722676524798313
6 11 4 3 4.7722676524798313
6 11 5 2 1.3008024431066723
6 11 6 11 6.7360080710731953
6 11 7 10 -1.3069726589372421
6 11 8 1 -3.2929390251085962
6 11 8 9 2.666680208028994
6 11 9 0 -7.8383058233762437
6 11 9 8 -2.666680208028994
6 11 10 7 1.3069726589372421
6 11 11 6 -6.7360080710731953
7 0 0 7 -4.0928695043458161
7 0 1 6 0.2911173599414294
7 0 2 3 1.6967868314606303
7 0 3 2 -1.6967868314606303
7 0 6 1 -0.2911173599414294
7 0 6 9 -4.2550200917685608
7 0 7 0 4.0928695043458161
7 0 7 8 1.0075016248395938
7 0 8 7 -1.0075016248395938
7 0 9 6 4.2550200917685608
7 4 0 3 -1.3679142886874498
7 4 1 2 1.320595005557482
7 4 2 1 -1.320595005557482
7 4 2 9 -0.031872593237091351
7 4 3 0 1.3679142886874498
7 4 3 8 -1.1389934206370667
7 4 4 7 1.2723216401846429
7 4 5 6 0.15438724932220316
7 4 6 5 -0.15438724932220316
7 4 7 4 -1.2723216401846429
7 4 8 3 1.1389934206370667
7 4 9 2 0.031872593237091351
7 5 1 3 -0.54644181884371212
7 5 3 1 0.54644181884371212
7 5 3 9 -0.14186884182419546
7 5 5 7 -0.30406773487199618
7 5 7 5 0.30406773487199618
7 5 9 3 0.14186884182419546
7 8 0 7 -1.0075016248395938
7 8 1 6 -0.46839988629539314
7 8 2 3 -0.72113070677179647
7 8 3 2 0.72113070677179647
7 8 6 1 0.46839988629539314
7 8 6 9 1.7766040584406881
7 8 7 0 1.0075016248395938
7 8 7 8 -1.595638966320198
7 8 8 7 1.595638966320198
7 8 9 6 -1.7766040584406881
7 10 0 1 1.5199502571413479
7 10 0 9 -0.3422445592048593
7 10 1 0 -1.5199502571413479
7 10 1 8 0.012748728512224139
7 10 2 5 -0.93699954462177426
7 10 3 4 1.8076927237329778
7 10 4 3 -1.8076927237329778
7 10 5 2 0.93699954462177426
7 10 6 11 -1.3069726589372421
7 10 7 10 -2.2278363405801906
7 10 8 1 -0.012748728512224139
7 10 8 9 -3.414151538332229
7 10 9 0 0.3422445592048593
7 10 9 8 3.414151538332229
7 10 10 7 2.2278363405801906
7 10 11 6 1.3069726589372421
7 11 1 9 -0.039769079492022352
7 11 3 5 -0.8551452533501257
7 11 5 3 0.8551452533501257
7 11 7 11 -0.31283469073871478
7 11 9 1 0.039769079492022352
7 11 11 7 0.31283469073871478
8 0 0 8 -2.9555322122109646
8 0 2 4 -1.9679610327941208
8 0 4 2 1.9679610327941208
8 0 6 10 2.5063596737351679
8 0 8 0 2.9555322122109646
8 0 10 6 -2.5063596737351679
8 1 0 1 0.78838667722427791
8 1 0 9 4.1649753424149232
8 1 1 0 -0.78838667722427791
8 1 1 8 3.1425674644517056
8 1 2 5 -2.6350749168656971
8 1 3 4 0.02191957407736822
8 1 4 3 -0.02191957407736822
8 1 5 2 2.6350749168656971
8 1 6 11 -3.2929390251085962
8 1 7 10 -0.012748728512224139
8 1 8 1 -3.1425674644517056
8 1 8 9 0.97679179150701811
8 1 9 0 -4.1649753424149232
8 1 9 8 -0.97679179150701811
8 1 10 7 0.012748728512224139
8 1 11 6 3.2929390251085962
8 2 0 2 0.14092507641730881
8 2 2 0 -0.14092507641730881
8 2 2 8 0.041722416101647168
8 2 4 6 1.3592528873954786
8 2 6 4 -1.3592528873954786
8 2 8 2 -0.041722416101647168
8 3 0 3 0.44512358189702217
8 3 1 2 -0.75022846225923323
8 3 2 1 0.75022846225923323
8 3 2 9 1.2760127097467875
8 3 3 0 -0.44512358189702217
8 3 3 8 -0.52677690031111091
8 3 4 7 -1.1389934206370667
8 3 5 6 2.1116247566704929
8 3 6 5 -2.1116247566704929
8 3 7 4 1.1389934206370667
8 3 8 3 0.52677690031111091
8 3 9 2 -1.2760127097467875
8 4 0 4 -0.75638223573745234
8 4 2 10 -1.0514986462807006
8 4 4 0 0.75638223573745234
8 4 4 8 -0.38032284495029339
8 4 8 4 0.38032284495029339
8 4 10 2 1.0514986462807006
8 5 0 5 0.55881030682939481
8 5 1 4 1.848761691623664
8 5 2 11 0.20497621890010398
8 5 3 10 0.4057614057973814
8 5 4 1 -1.848761691623664
8 5 4 9 1.0297912315290867
8 5 5 0 -0.55881030682939481
8 5 5 8 -1.5053223364181993
8 5 8 5 1.5053223364181993
8 5 9 4 -1.0297912315290867
8 5 10 3 -0.4057614057973814
8 5 11 2 -0.20497621890010398
8 7 0 7 1.0075016248395938
8 7 1 6 0.46839988629539314
8 7 2 3 0.72113070677179647
8 7 3 2 -0.72113070677179647
8 7 6 1 -0.46839988629539314
8 7 6 9 -1.7766040584406881
8 7 7 0 -1.0075016248395938
8 7 7 8 1.595638966320198
8 7 8 7 -1.595638966320198
8 7 9 6 1.7766040584406881
8 9 0 1 1.8044095207400077
8 9 0 9 -1.7930184530667697
8 9 1 0 -1.8044095207400077
8 9 1 8 -0.97679179150701811
8 9 2 5 -0.014662853581695501
8 9 3 4 1.5540053194766463
8 9 4 3 -1.5540053194766463
8 9 5 2 0.014662853581695501
8 9 6 11 2.666680208028994
8 9 7 10 -3.414151538332229
8 9 8 1 0.97679179150701811
8 9 8 9 0.68334964358517825
8 9 9 0 1.7930184530667697
8 9 9 8 -0.68334964358517825
8 9 10 7 3.414151538332229
8 9 11 6 -2.666680208028994
8 11 0 11 -0.52402468680739556
8 11 1 10 -1.1852710299136171
8 11 4 5 0.17686441880203338
8 11 5 4 -0.17686441880203338
8 11 8 11 -0.91699590638997974
8 11 9 10 0.63532883995970812
8 11 10 1 1.1852710299136171
8 11 10 9 -0.63532883995970812
8 11 11 0 0.52402468680739556
8 11 11 8 0.91699590638997974
9 0 0 1 -1.1585377744166998
9 0 0 9 9.6113689844565577
9 0 1 0 1.1585377744166998
9 0 1 8 4.1649753424149232
9 0 2 5 -2.097400138372159
9 0 3 4 0.28692152536216708
9 0 4 3 -0.28692152536216708
9 0 5 2 2.097400138372159
9 0 6 11 -7.8383058233762437
9 0 7 10 0.3422445592048593
9 0 8 1 -4.1649753424149232
9 0 8 9 1.7930184530667697
9 0 9 0 -9.6113689844565577
9 0 9 8 -1.7930184530667697
9 0 10 7 -0.3422445592048593
9 0 11 6 7.8383058233762437
9 1 1 9 -0.66589019210719724
9 1 3 5 -1.1436410287730527
9 1 5 3 1.1436410287730527
9 1 7 11 0.039769079492022352
9 1 9 1 0.66589019210719724
9 1 11 7 -0.039769079492022352
9 2 0 3 0.57690549901297805
9 2 1 2 -4.3607647834316055
9 2 2 1 4.3607647834316055
9 2 2 9 -4.1895113968327964
9 2 3 0 -0.57690549901297805
9 2 3 8 1.2760127097467875
9 2 4 7 -0.031872593237091351
9 2 5 6 -0.44736872148718998
9 2 6 5 0.44736872148718998
9 2 7 4 0.031872593237091351
9 2 8 3 -1.2760127097467875
9 2 9 2 4.1895113968327964
9 3 1 3 -0.55278793997261866
9 3 3 1 0.55278793997261866
9 3 3 9 0.024138467121163146
9 3 5 7 -0.14186884182419546
9 3 7 5 0.14186884182419546
9 3 9 3 -0.024138467121163146
9 4 0 5 -1.9863781938254852
9 4 1 4 -1.9613995727456424
9 4 2 11 1.6232098621843698
9 4 3 10 1.3406091613344584
9 4 4 1 1.9613995727456424
9 4 4 9 0.84018542983425215
9 4 5 0 1.9863781938254852
9 4 5 8 1.0297912315290867
9 4 8 5 -1.0297912315290867
9 4 9 4 -0.84018542983425215
9 4 10 3 -1.3406091613344584
9 4 11 2 -1.6232098621843698
9 5 1 5 -0.46213564595674794
9 5 3 11 -1.7108705112900804
9 5 5 1 0.46213564595674794
9 5 5 9 -2.3238154206477124
9 5 9 5 2.3238154206477124
9 5 11 3 1.7108705112900804
9 6 0 7 -4.2550200917685608
9 6 1 6 -0.52459301860743646
9 6 2 3 0.019624323221924454
9 6 3 2 -0.019624323221924454
9 6 6 1 0.52459301860743646
9 6 6 9 -0.097876074436487964
9 6 7 0 4.2550200917685608
9 6 7 8 -1.7766040584406881
9 6 8 7 1.7766040584406881
9 6 9 6 0.097876074436487964
9 8 0 1 -1.8044095207400077
9 8 0 9 1.7930184530667697
9 8 1 0 1.8044095207400077
9 8 1 8 0.97679179150701811
9 8 2 5 0.014662853581695501
9 8 3 4 -1.5540053194766463
9 8 4 3 1.5540053194766463
9 8 5 2 -0.014662853581695501
9 8 6 11 -2.666680208028994
9 8 7 10 3.414151538332229
9 8 8 1 -0.97679179150701811
9 8 8 9 -0.68334964358517825
9 8 9 0 -1.7930184530667697
9 8 9 8 0.68334964358517825
9 8 10 7 -3.414151538332229
9 8 11 6 2.666680208028994
9 10 0 11 0.28613682683229541
9 10 1 10 0.80084205973676825
9 10 4 5 -0.11369660194760223
9 10 5 4 0.11369660194760223
9 10 8 11 0.63532883995970812
9 10 9 10 -0.4378877594102496
9 10 10 1 -0.80084205973676825
9 10 10 9 0.4378877594102496
9 10 11 0 -0.28613682683229541
9 10 11 8 -0.63532883995970812
10 1 0 11 -0.0060379602965455748
10 1 1 10 1.3511868835386884
10 1 4 5 -0.1500640762536983
10 1 5 4 0.1500640762536983
10 1 8 11 1.1852710299136171
10 1 9 10 -0.80084205973676825
10 1 10 1 -1.3511868835386884
10 1 10 9 0.80084205973676825
10 1 11 0 0.0060379602965455748
10 1 11 8 -1.1852710299136171
10 2 0 4 0.2420618614214213
10 2 2 10 0.71196482758817914
10 2 4 0 -0.2420618614214213
10 2 4 8 -1.0514986462807006
10 2 8 4 1.0514986462807006
10 2 10 2 -0.71196482758817914
10 3 0 5 -1.6589808206590617
10 3 1 4 -1.522323734664158
10 3 2 11 0.77441311338656937
10 3 3 10 1.2273062449444498
10 3 4 1 1.522323734664158
10 3 4 9 1.3406091613344584
10 3 5 0 1.6589808206590617
10 3 5 8 0.4057614057973814
10 3 8 5 -0.4057614057973814
10 3 9 4 -1.3406091613344584
10 3 10 3 -1.2273062449444498
10 3 11 2 -0.77441311338656937
10 6 0 8 2.5063596737351679
10 6 2 4 1.2802638149296997
10 6 4 2 -1.2802638149296997
10 6 6 10 -2.0102021248415505
10 6 8 0 -2.5063596737351679
10 6 10 6 2.0102021248415505
10 7 0 1 -1.5199502571413479
10 7 0 9 0.3422445592048593
10 7 1 0 1.5199502571413479
10 7 1 8 -0.012748728512224139
10 7 2 5 0.93699954462177426
10 7 3 4 -1.8076927237329778
10 7 4 3 1.8076927237329778
10 7 5 2 -0.93699954462177426
10 7 6 11 1.3069726589372421
10 7 7 10 2.2278363405801906
10 7 8 1 0.012748728512224139
10 7 8 9 3.414151538332229
10 7 9 0 -0.3422445592048593
10 7 9 8 -3.414151538332229
10 7 10 7 -2.2278363405801906
10 7 11 6 -1.3069726589372421
10 9 0 11 -0.28613682683229541
10 9 1 10 -0.80084205973676825
10 9 4 5 0.11369660194760223
10 9 5 4 -0.11369660194760223
10 9 8 11 -0.63532883995970812
10 9 9 10 0.4378877594102496
10 9 10 1 0.80084205973676825
10 9 10 9 -0.4378877594102496
10 9 11 0 0.28613682683229541
10 9 11 8 0.63532883995970812
11 0 0 11 -2.2828313893264029
11 0 1 10 -0.0060379602965455748
11 0 4 5 0.19572622183588467
11 0 5 4 -0.19572622183588467
11 0 8 11 0.52402468680739556
11 0 9 10 -0.28613682683229541
11 0 10 1 0.0060379602965455748
11 0 10 9 0.28613682683229541
11 0 11 0 2.2828313893264029
11 0 11 8 -0.52402468680739556
11 2 0 5 -1.7196175922941259
11 2 1 4 -2.0673707501105323
11 2 2 11 -0.75168335499758465
11 2 3 10 0.77441311338656937
11 2 4 1 2.0673707501105323
11 2 4 9 1.6232098621843698
11 2 5 0 1.7196175922941259
11 2 5 8 0.20497621890010398
11 2 8 5 -0.20497621890010398
11 2 9 4 -1.6232098621843698
11 2 10 3 -0.77441311338656937
11 2 11 2 0.75168335499758465
11 3 1 5 -0.12108847827384216
11 3 3 11 -0.73702279420782679
11 3 5 1 0.12108847827384216
11 3 5 9 -1.7108705112900804
11 3 9 5 1.7108705112900804
11 3 11 3 0.73702279420782679
11 6 0 1 3.1736414346080482
11 6 0 9 -7.8383058233762437
11 6 1 0 -3.1736414346080482
11 6 1 8 -3.2929390251085962
11 6 2 5 1.3008024431066723
11 6 3 4 4.7722676524798313
11 6 4 3 -4.7722676524798313
11 6 5 2 -1.3008024431066723
11 6 6 11 -6.7360080710731953
11 6 7 10 1.3069726589372421
11 6 8 1 3.2929390251085962
11 6 8 9 -2.666680208028994
11 6 9 0 7.8383058233762437
11 6 9 8 2.666680208028994
11 6 10 7 -1.3069726589372421
11 6 11 6 6.7360080710731953
11 7 1 9 0.039769079492022352
11 7 3 5 0.8551452533501257
11 7 5 3 -0.8551452533501257
11 7 7 11 0.31283469073871478
11 7 9 1 -0.039769079492022352
11 7 11 7 -0.31283469073871478
11 8 0 11 0.52402468680739556
11 8 1 10 1.1852710299136171
11 8 4 5 -0.17686441880203338
11 8 5 4 0.17686441880203338
11 8 8 11 0.91699590638997974
11 8 9 10 -0.63532883995970812
11 8 10 1 -1.1852710299136171
11 8 10 9 0.63532883995970812
11 8 11 0 -0.52402468680739556
11 8 11 8 -0.91699590638997974
