0 1 0 1 10.927486078435875
0 1 0 9 -4.5999750988339656
0 1 1 0 -10.927486078435875
0 1 1 8 -2.647734298831196
0 1 2 5 -2.3158480670356916
0 1 3 4 -0.76141714763266233
0 1 4 3 0.76141714763266233
0 1 5 2 2.3158480670356916
0 1 6 11 -5.0825226024317613
0 1 7 10 -0.2460799447850841
0 1 8 1 2.647734298831196
0 1 8 9 -0.1049129964851381
0 1 9 0 4.5999750988339656
0 1 9 8 0.1049129964851381
0 1 10 7 0.2460799447850841
0 1 11 6 5.0825226024317613
0 2 0 2 -23.416146366162863
0 2 2 0 23.416146366162863
0 2 2 8 1.9024044250207648
0 2 4 6 -7.496668589525977
0 2 6 4 7.496668589525977
0 2 8 2 -1.9024044250207648
0 3 0 3 -3.2650669642126795
0 3 1 2 0.77779460419583879
0 3 2 1 -0.77779460419583879
0 3 2 9 5.4296400677328105
0 3 3 0 3.2650669642126795
0 3 3 8 0.13781859546228348
0 3 4 7 1.983609752967342
0 3 5 6 0.14901038275196296
0 3 6 5 -0.14901038275196296
0 3 7 4 -1.983609752967342
0 3 8 3 -0.13781859546228348
0 3 9 2 -5.4296400677328105
0 4 0 4 -13.559189623880652
0 4 2 10 -1.2073994457829247
0 4 4 0 13.559189623880652
0 4 4 8 1.2779434407671284
0 4 8 4 -1.2779434407671284
0 4 10 2 1.2073994457829247
0 5 0 5 -1.9961875993484428
0 5 1 4 -4.9692189224634955
0 5 2 11 -0.9454872988087909
0 5 3 10 1.6242746194509809
0 5 4 1 4.9692189224634955
0 5 4 9 2.0519741242927081
0 5 5 0 1.9961875993484428
0 5 5 8 -7.7192297407957398
0 5 8 5 7.7192297407957398
0 5 9 4 -2.0519741242927081
0 5 10 3 -1.6242746194509809
0 5 11 2 0.9454872988087909
0 6 0 6 -2.1809247353206107
0 6 6 0 2.1809247353206107
0 6 6 8 7.293714819580698
0 6 8 6 -7.293714819580698
0 7 0 7 2.129618798514354
0 7 1 6 2.5226507955217055
0 7 2 3 -4.3167070524639186
0 7 3 2 4.3167070524639186
0 7 6 1 -2.5226507955217055
0 7 6 9 -2.144596459583672
0 7 7 0 -2.129618798514354
0 7 7 8 -1.8356992638781255
0 7 8 7 1.8356992638781255
0 7 9 6 2.144596459583672
0 8 0 8 2.7353591798812427
0 8 2 4 1.7155578423178679
0 8 4 2 -1.7155578423178679
0 8 6 10 5.3995917332911088
0 8 8 0 -2.7353591798812427
0 8 10 6 -5.3995917332911088
0 9 0 1 -4.5999750988339647
0 9 0 9 0.04172939338419928
0 9 1 0 4.5999750988339647
0 9 1 8 -2.3505799897077302
0 9 2 5 -0.34387412244600934
0 9 3 4 -1.3285928252396166
0 9 4 3 1.3285928252396166
0 9 5 2 0.34387412244600934
0 9 6 11 0.27822835162198095
0 9 7 10 -1.3388605586221818
0 9 8 1 2.3505799897077302
0 9 8 9 -1.3073704913173263
0 9 9 0 -0.04172939338419928
0 9 9 8 1.3073704913173263
0 9 10 7 1.3388605586221818
0 9 11 6 -0.27822835162198095
0 10 0 10 -8.0720493465149694
0 10 8 10 2.1515271399266074
0 10 10 0 8.0720493465149694
0 10 10 8 -2.1515271399266074
0 11 0 11 -6.1210813018672567
0 11 1 10 2.7548921066167344
0 11 4 5 -10.394119387019963
0 11 5 4 10.394119387019963
0 11 8 11 -2.4257448066501461
0 11 9 10 -0.79803919374191601
0 11 10 1 -2.7548921066167344
0 11 10 9 0.79803919374191601
0 11 11 0 6.1210813018672567
0 11 11 8 2.4257448066501461
1 0 0 1 -10.927486078435875
1 0 0 9 4.5999750988339656
1 0 1 0 10.927486078435875
1 0 1 8 2.647734298831196
1 0 2 5 2.3158480670356916
1 0 3 4 0.76141714763266233
1 0 4 3 -0.76141714763266233
1 0 5 2 -2.3158480670356916
1 0 6 11 5.0825226024317613
1 0 7 10 0.2460799447850841
1 0 8 1 -2.647734298831196
1 0 8 9 0.1049129964851381
1 0 9 0 -4.5999750988339656
1 0 9 8 -0.1049129964851381
1 0 10 7 -0.2460799447850841
1 0 11 6 -5.0825226024317613
1 2 0 3 0.77779460419583835
1 2 1 2 0.24321139732459404
1 2 2 1 -0.24321139732459404
1 2 2 9 2.0974354101645272
1 2 3 0 -0.77779460419583835
1 2 3 8 1.2392589274398869
1 2 4 7 1.789229102327659
1 2 5 6 -8.49541481042675
1 2 6 5 8.49541481042675
1 2 7 4 -1.789229102327659
1 2 8 3 -1.2392589274398869
1 2 9 2 -2.0974354101645272
1 3 1 3 0.681179301005441
1 3 3 1 -0.681179301005441
1 3 3 9 0.78231761559728064
1 3 5 7 -0.35120560245373611
1 3 7 5 0.35120560245373611
1 3 9 3 -0.78231761559728064
1 4 0 5 -4.9692189224634955
1 4 1 4 4.639089006546758
1 4 2 11 -5.7013440431209297
1 4 3 10 3.5693553334149755
1 4 4 1 -4.639089006546758
1 4 4 9 -1.4071093088862991
1 4 5 0 4.9692189224634955
1 4 5 8 -4.0590785082462935
1 4 8 5 4.0590785082462935
1 4 9 4 1.4071093088862991
1 4 10 3 -3.5693553334149755
1 4 11 2 5.7013440431209297
1 5 1 5 -4.317711327804389
1 5 3 11 5.580805008122975
1 5 5 1 4.317711327804389
1 5 5 9 3.5662282578574915
1 5 9 5 -3.5662282578574915
1 5 11 3 -5.580805008122975
1 6 0 7 2.522650795521705
1 6 1 6 -2.226708192374256
1 6 2 3 -1.3244165974059801
1 6 3 2 1.3244165974059801
1 6 6 1 2.226708192374256
1 6 6 9 -1.8371190884772193
1 6 7 0 -2.522650795521705
1 6 7 8 -1.1751769261824925
1 6 8 7 1.1751769261824925
1 6 9 6 1.8371190884772193
1 7 1 7 -2.3652487645241913
1 7 7 1 2.3652487645241913
1 7 7 9 -1.1413484523912434
1 7 9 7 1.1413484523912434
1 8 0 1 -2.647734298831196
1 8 0 9 -2.3505799897077297
1 8 1 0 2.647734298831196
1 8 1 8 0.04172939338419928
1 8 2 5 -2.9980171112573966
1 8 3 4 -1.5259298843315117
1 8 4 3 1.5259298843315117
1 8 5 2 2.9980171112573966
1 8 6 11 1.5132408527249317
1 8 7 10 -1.1554436997272683
1 8 8 1 -0.04172939338419928
1 8 8 9 -1.0511836619801942
1 8 9 0 2.3505799897077297
1 8 9 8 1.0511836619801942
1 8 10 7 1.1554436997272683
1 8 11 6 -1.5132408527249317
1 9 1 9 0.84713371908295809
1 9 3 5 3.1882777466681187
1 9 5 3 -3.1882777466681187
1 9 7 11 -1.3389340004688135
1 9 9 1 -0.84713371908295809
1 9 11 7 1.3389340004688135
1 10 0 11 2.7548921066167349
1 10 1 10 -1.3968608286940283
1 10 4 5 0.29555257327922135
1 10 5 4 -0.29555257327922135
1 10 8 11 0.38267951707114245
1 10 9 10 1.0542863316485094
1 10 10 1 1.3968608286940283
1 10 10 9 -1.0542863316485094
1 10 11 0 -2.7548921066167349
1 10 11 8 -0.38267951707114245
1 11 1 11 -0.90510320934221444
1 11 9 11 2.3267446992242253
1 11 11 1 0.90510320934221444
1 11 11 9 -2.3267446992242253
2 0 0 2 23.416146366162863
2 0 2 0 -23.416146366162863
2 0 2 8 -1.9024044250207648
2 0 4 6 7.496668589525977
2 0 6 4 -7.496668589525977
2 0 8 2 1.9024044250207648
2 1 0 3 -0.77779460419583835
2 1 1 2 -0.24321139732459404
2 1 2 1 0.24321139732459404
2 1 2 9 -2.0974354101645272
2 1 3 0 0.77779460419583835
2 1 3 8 -1.2392589274398869
2 1 4 7 -1.789229102327659
2 1 5 6 8.49541481042675
2 1 6 5 -8.49541481042675
2 1 7 4 1.789229102327659
2 1 8 3 1.2392589274398869
2 1 9 2 2.0974354101645272
2 3 0 7 -4.3167070524639186
2 3 1 6 -1.3244165974059814
2 3 2 3 -2.4748886638557681
2 3 3 2 2.4748886638557681
2 3 6 1 1.3244165974059814
2 3 6 9 -1.821554141472832
2 3 7 0 4.3167070524639186
2 3 7 8 -1.0166532227520853
2 3 8 7 1.0166532227520853
2 3 9 6 1.821554141472832
2 4 0 8 1.7155578423178683
2 4 2 4 1.1458447598256605
2 4 4 2 -1.1458447598256605
2 4 6 10 -9.5788045351258013
2 4 8 0 -1.7155578423178683
2 4 10 6 9.5788045351258013
2 5 0 1 -2.3158480670356925
2 5 0 9 -0.34387412244600957
2 5 1 0 2.3158480670356925
2 5 1 8 -2.998017111257397
2 5 2 5 -12.427671344501711
2 5 3 4 -2.6065222816469356
2 5 4 3 2.6065222816469356
2 5 5 2 12.427671344501711
2 5 6 11 2.5509679343224674
2 5 7 10 -4.1782876394199455
2 5 8 1 2.998017111257397
2 5 8 9 -3.7288250092747282
2 5 9 0 0.34387412244600957
2 5 9 8 3.7288250092747282
2 5 10 7 4.1782876394199455
2 5 11 6 -2.5509679343224674
2 6 2 6 -5.5915420762271744
2 6 6 2 5.5915420762271744
2 7 2 7 3.7348363472887733
2 7 3 6 2.3179337433272478
2 7 6 3 -2.3179337433272478
2 7 7 2 -3.7348363472887733
2 8 0 2 1.9024044250207655
2 8 2 0 -1.9024044250207655
2 8 2 8 0.75234925363465677
2 8 4 6 -8.2541247097957928
2 8 6 4 8.2541247097957928
2 8 8 2 -0.75234925363465677
2 9 0 3 5.4296400677328105
2 9 1 2 2.0974354101645272
2 9 2 1 -2.0974354101645272
2 9 2 9 1.3390329836521317
2 9 3 0 -5.4296400677328105
2 9 3 8 0.2655307229792313
2 9 4 7 2.3573997397943853
2 9 5 6 0.10544497644454431
2 9 6 5 -0.10544497644454431
2 9 7 4 -2.3573997397943853
2 9 8 3 -0.2655307229792313
2 9 9 2 -1.3390329836521317
2 10 0 4 -1.207399445782924
2 10 2 10 -3.7046378905180966
2 10 4 0 1.207399445782924
2 10 4 8 -6.9608794939369281
2 10 8 4 6.9608794939369281
2 10 10 2 3.7046378905180966
2 11 0 5 -0.94548729880879101
2 11 1 4 -5.7013440431209288
2 11 2 11 -13.683149886401914
2 11 3 10 0.055156420435246822
2 11 4 1 5.7013440431209288
2 11 4 9 0.65530719984755481
2 11 5 0 0.94548729880879101
2 11 5 8 1.5278353681056447
2 11 8 5 -1.5278353681056447
2 11 9 4 -0.65530719984755481
2 11 10 3 -0.055156420435246822
2 11 11 2 13.683149886401914
3 0 0 3 3.2650669642126795
3 0 1 2 -0.77779460419583879
3 0 2 1 0.77779460419583879
3 0 2 9 -5.4296400677328105
3 0 3 0 -3.2650669642126795
3 0 3 8 -0.13781859546228348
3 0 4 7 -1.983609752967342
3 0 5 6 -0.14901038275196296
3 0 6 5 0.14901038275196296
3 0 7 4 1.983609752967342
3 0 8 3 0.13781859546228348
3 0 9 2 5.4296400677328105
3 1 1 3 -0.681179301005441
3 1 3 1 0.681179301005441
3 1 3 9 -0.78231761559728064
3 1 5 7 0.35120560245373611
3 1 7 5 -0.35120560245373611
3 1 9 3 0.78231761559728064
3 2 0 7 4.3167070524639186
3 2 1 6 1.3244165974059814
3 2 2 3 2.4748886638557681
3 2 3 2 -2.4748886638557681
3 2 6 1 -1.3244165974059814
3 2 6 9 1.821554141472832
3 2 7 0 -4.3167070524639186
3 2 7 8 1.0166532227520853
3 2 8 7 -1.0166532227520853
3 2 9 6 -1.821554141472832
3 4 0 1 -0.76141714763266233
3 4 0 9 -1.3285928252396175
3 4 1 0 0.76141714763266233
3 4 1 8 -1.5259298843315121
3 4 2 5 -2.606522281646936
3 4 3 4 1.836249331900218
3 4 4 3 -1.836249331900218
3 4 5 2 2.606522281646936
3 4 6 11 -0.75569074716090423
3 4 7 10 -0.38370364089435915
3 4 8 1 1.5259298843315121
3 4 8 9 2.8046005540982488
3 4 9 0 1.3285928252396175
3 4 9 8 -2.8046005540982488
3 4 10 7 0.38370364089435915
3 4 11 6 0.75569074716090423
3 5 1 9 3.1882777466681178
3 5 3 5 4.2769442249272025
3 5 5 3 -4.2769442249272025
3 5 7 11 1.8621839224615697
3 5 9 1 -3.1882777466681178
3 5 11 7 -1.8621839224615697
3 6 2 7 2.3179337433272473
3 6 3 6 0.49371101243821142
3 6 6 3 -0.49371101243821142
3 6 7 2 -2.3179337433272473
3 7 3 7 6.2331474801320432
3 7 7 3 -6.2331474801320432
3 8 0 3 0.13781859546228392
3 8 1 2 1.2392589274398871
3 8 2 1 -1.2392589274398871
3 8 2 9 0.2655307229792313
3 8 3 0 -0.13781859546228392
3 8 3 8 -1.1567303495317438
3 8 4 7 -2.3074753633515122
3 8 5 6 0.095881219978134258
3 8 6 5 -0.095881219978134258
3 8 7 4 2.3074753633515122
3 8 8 3 1.1567303495317438
3 8 9 2 -0.2655307229792313
3 9 1 3 0.78231761559728041
3 9 3 1 -0.78231761559728041
3 9 3 9 -4.1209607724810713
3 9 5 7 5.6910402213228117
3 9 7 5 -5.6910402213228117
3 9 9 3 4.1209607724810713
3 10 0 5 1.6242746194509809
3 10 1 4 3.5693553334149755
3 10 2 11 0.055156420435246725
3 10 3 10 -0.13045774454221271
3 10 4 1 -3.5693553334149755
3 10 4 9 3.1025096988327512
3 10 5 0 -1.6242746194509809
3 10 5 8 -5.7613841628506446
3 10 8 5 5.7613841628506446
3 10 9 4 -3.1025096988327512
3 10 10 3 0.13045774454221271
3 10 11 2 -0.055156420435246725
3 11 1 5 5.580805008122975
3 11 3 11 2.7937855545009418
3 11 5 1 -5.580805008122975
3 11 5 9 -9.0373171862087105
3 11 9 5 9.0373171862087105
3 11 11 3 -2.7937855545009418
4 0 0 4 13.559189623880652
4 0 2 10 1.2073994457829247
4 0 4 0 -13.559189623880652
4 0 4 8 -1.2779434407671284
4 0 8 4 1.2779434407671284
4 0 10 2 -1.2073994457829247
4 1 0 5 4.9692189224634955
4 1 1 4 -4.639089006546758
4 1 2 11 5.7013440431209297
4 1 3 10 -3.5693553334149755
4 1 4 1 4.639089006546758
4 1 4 9 1.4071093088862991
4 1 5 0 -4.9692189224634955
4 1 5 8 4.0590785082462935
4 1 8 5 -4.0590785082462935
4 1 9 4 -1.4071093088862991
4 1 10 3 3.5693553334149755
4 1 11 2 -5.7013440431209297
4 2 0 8 -1.7155578423178683
4 2 2 4 -1.1458447598256605
4 2 4 2 1.1458447598256605
4 2 6 10 9.5788045351258013
4 2 8 0 1.7155578423178683
4 2 10 6 -9.5788045351258013
4 3 0 1 0.76141714763266233
4 3 0 9 1.3285928252396175
4 3 1 0 -0.76141714763266233
4 3 1 8 1.5259298843315121
4 3 2 5 2.606522281646936
4 3 3 4 -1.836249331900218
4 3 4 3 1.836249331900218
4 3 5 2 -2.606522281646936
4 3 6 11 0.75569074716090423
4 3 7 10 0.38370364089435915
4 3 8 1 -1.5259298843315121
4 3 8 9 -2.8046005540982488
4 3 9 0 -1.3285928252396175
4 3 9 8 2.8046005540982488
4 3 10 7 -0.38370364089435915
4 3 11 6 -0.75569074716090423
4 5 0 11 -10.394119387019964
4 5 1 10 0.29555257327922146
4 5 4 5 -4.3856218165662746
4 5 5 4 4.3856218165662746
4 5 8 11 3.2524743107419551
4 5 9 10 -4.6480954272208255
4 5 10 1 -0.29555257327922146
4 5 10 9 4.6480954272208255
4 5 11 0 10.394119387019964
4 5 11 8 -3.2524743107419551
4 6 0 2 -7.4966685895259779
4 6 2 0 7.4966685895259779
4 6 2 8 -8.254124709795791
4 6 4 6 -1.0711572089755506
4 6 6 4 1.0711572089755506
4 6 8 2 8.254124709795791
4 7 0 3 1.9836097529673422
4 7 1 2 1.7892291023276585
4 7 2 1 -1.7892291023276585
4 7 2 9 2.3573997397943849
4 7 3 0 -1.9836097529673422
4 7 3 8 -2.3074753633515108
4 7 4 7 1.5095178387062158
4 7 5 6 -1.08168055922538
4 7 6 5 1.08168055922538
4 7 7 4 -1.5095178387062158
4 7 8 3 2.3074753633515108
4 7 9 2 -2.3573997397943849
4 8 0 4 1.2779434407671286
4 8 2 10 -6.960879493936929
4 8 4 0 -1.2779434407671286
4 8 4 8 -5.7436950091382295
4 8 8 4 5.7436950091382295
4 8 10 2 6.960879493936929
4 9 0 5 2.0519741242927068
4 9 1 4 -1.4071093088862994
4 9 2 11 0.65530719984755503
4 9 3 10 3.1025096988327516
4 9 4 1 1.4071093088862994
4 9 4 9 -0.14567883234225659
4 9 5 0 -2.0519741242927068
4 9 5 8 -2.9544514032521367
4 9 8 5 2.9544514032521367
4 9 9 4 0.14567883234225659
4 9 10 3 -3.1025096988327516
4 9 11 2 -0.65530719984755503
4 10 4 10 -6.3213953131855618
4 10 10 4 6.3213953131855618
4 11 4 11 -0.64783752393877125
4 11 5 10 4.2609910797570496
4 11 10 5 -4.2609910797570496
4 11 11 4 0.64783752393877125
5 0 0 5 1.9961875993484428
5 0 1 4 4.9692189224634955
5 0 2 11 0.9454872988087909
5 0 3 10 -1.6242746194509809
5 0 4 1 -4.9692189224634955
5 0 4 9 -2.0519741242927081
5 0 5 0 -1.9961875993484428
5 0 5 8 7.7192297407957398
5 0 8 5 -7.7192297407957398
5 0 9 4 2.0519741242927081
5 0 10 3 1.6242746194509809
5 0 11 2 -0.9454872988087909
5 1 1 5 4.317711327804389
5 1 3 11 -5.580805008122975
5 1 5 1 -4.317711327804389
5 1 5 9 -3.5662282578574915
5 1 9 5 3.5662282578574915
5 1 11 3 5.580805008122975
5 2 0 1 2.3158480670356925
5 2 0 9 0.34387412244600957
5 2 1 0 -2.3158480670356925
5 2 1 8 2.998017111257397
5 2 2 5 12.427671344501711
5 2 3 4 2.6065222816469356
5 2 4 3 -2.6065222816469356
5 2 5 2 -12.427671344501711
5 2 6 11 -2.5509679343224674
5 2 7 10 4.1782876394199455
5 2 8 1 -2.998017111257397
5 2 8 9 3.7288250092747282
5 2 9 0 -0.34387412244600957
5 2 9 8 -3.7288250092747282
5 2 10 7 -4.1782876394199455
5 2 11 6 2.5509679343224674
5 3 1 9 -3.1882777466681178
5 3 3 5 -4.2769442249272025
5 3 5 3 4.2769442249272025
5 3 7 11 -1.8621839224615697
5 3 9 1 3.1882777466681178
5 3 11 7 1.8621839224615697
5 4 0 11 10.394119387019964
5 4 1 10 -0.29555257327922146
5 4 4 5 4.3856218165662746
5 4 5 4 -4.3856218165662746
5 4 8 11 -3.2524743107419551
5 4 9 10 4.6480954272208255
5 4 10 1 0.29555257327922146
5 4 10 9 -4.6480954272208255
5 4 11 0 -10.394119387019964
5 4 11 8 3.2524743107419551
5 6 0 3 0.14901038275196332
5 6 1 2 -8.4954148104267482
5 6 2 1 8.4954148104267482
5 6 2 9 0.10544497644454409
5 6 3 0 -0.14901038275196332
5 6 3 8 0.09588121997813448
5 6 4 7 -1.0816805592253798
5 6 5 6 -11.382735820941457
5 6 6 5 11.382735820941457
5 6 7 4 1.0816805592253798
5 6 8 3 -0.09588121997813448
5 6 9 2 -0.10544497644454409
5 7 1 3 -0.351205602453736
5 7 3 1 0.351205602453736
5 7 3 9 5.6910402213228117
5 7 5 7 3.543878820990825
5 7 7 5 -3.543878820990825
5 7 9 3 -5.6910402213228117
5 8 0 5 -7.7192297407957415
5 8 1 4 -4.0590785082462935
5 8 2 11 1.5278353681056447
5 8 3 10 -5.7613841628506455
5 8 4 1 4.0590785082462935
5 8 4 9 -2.9544514032521363
5 8 5 0 7.7192297407957415
5 8 5 8 7.8836713848570028
5 8 8 5 -7.8836713848570028
5 8 9 4 2.9544514032521363
5 8 10 3 5.7613841628506455
5 8 11 2 -1.5278353681056447
5 9 1 5 3.5662282578574924
5 9 3 11 -9.0373171862087105
5 9 5 1 -3.5662282578574924
5 9 5 9 3.9475274308100161
5 9 9 5 -3.9475274308100161
5 9 11 3 9.0373171862087105
5 10 4 11 4.2609910797570496
5 10 5 10 -1.392780228546419
5 10 10 5 1.392780228546419
5 10 11 4 -4.2609910797570496
5 11 5 11 -2.194902899212936
5 11 11 5 2.194902899212936
6 0 0 6 2.1809247353206107
6 0 6 0 -2.1809247353206107
6 0 6 8 -7.293714819580698
6 0 8 6 7.293714819580698
6 1 0 7 -2.522650795521705
6 1 1 6 2.226708192374256
6 1 2 3 1.3244165974059801
6 1 3 2 -1.3244165974059801
6 1 6 1 -2.226708192374256
6 1 6 9 1.8371190884772193
6 1 7 0 2.522650795521705
6 1 7 8 1.1751769261824925
6 1 8 7 -1.1751769261824925
6 1 9 6 -1.8371190884772193
6 2 2 6 5.5915420762271744
6 2 6 2 -5.5915420762271744
6 3 2 7 -2.3179337433272473
6 3 3 6 -0.49371101243821142
6 3 6 3 0.49371101243821142
6 3 7 2 2.3179337433272473
6 4 0 2 7.4966685895259779
6 4 2 0 -7.4966685895259779
6 4 2 8 8.254124709795791
6 4 4 6 1.0711572089755506
6 4 6 4 -1.0711572089755506
6 4 8 2 -8.254124709795791
6 5 0 3 -0.14901038275196332
6 5 1 2 8.4954148104267482
6 5 2 1 -8.4954148104267482
6 5 2 9 -0.10544497644454409
6 5 3 0 0.14901038275196332
6 5 3 8 -0.09588121997813448
6 5 4 7 1.0816805592253798
6 5 5 6 11.382735820941457
6 5 6 5 -11.382735820941457
6 5 7 4 -1.0816805592253798
6 5 8 3 0.09588121997813448
6 5 9 2 0.10544497644454409
6 7 6 7 0.072944630507828651
6 7 7 6 -0.072944630507828651
6 8 0 6 7.293714819580698
6 8 6 0 -7.293714819580698
6 8 6 8 5.3054029563462795
6 8 8 6 -5.3054029563462795
6 9 0 7 -2.1445964595836724
6 9 1 6 -1.8371190884772193
6 9 2 3 -1.821554141472832
6 9 3 2 1.821554141472832
6 9 6 1 1.8371190884772193
6 9 6 9 0.79780407416431776
6 9 7 0 2.1445964595836724
6 9 7 8 -3.6959991990558461
6 9 8 7 3.6959991990558461
6 9 9 6 -0.79780407416431776
6 10 0 8 5.3995917332911088
6 10 2 4 -9.5788045351258013
6 10 4 2 9.5788045351258013
6 10 6 10 -1.8310565462994473
6 10 8 0 -5.3995917332911088
6 10 10 6 1.8310565462994473
6 11 0 1 -5.0825226024317605
6 11 0 9 0.27822835162198079
6 11 1 0 5.0825226024317605
6 11 1 8 1.5132408527249313
6 11 2 5 2.5509679343224669
6 11 3 4 -0.75569074716090423
6 11 4 3 0.75569074716090423
6 11 5 2 -2.5509679343224669
6 11 6 11 -1.044301966631332
6 11 7 10 -1.543052937862047
6 11 8 1 -1.5132408527249313
6 11 8 9 5.199404791115116
6 11 9 0 -0.27822835162198079
6 11 9 8 -5.199404791115116
6 11 10 7 1.543052937862047
6 11 11 6 1.044301966631332
7 0 0 7 -2.129618798514354
7 0 1 6 -2.5226507955217055
7 0 2 3 4.3167070524639186
7 0 3 2 -4.3167070524639186
7 0 6 1 2.5226507955217055
7 0 6 9 2.144596459583672
7 0 7 0 2.129618798514354
7 0 7 8 1.8356992638781255
7 0 8 7 -1.8356992638781255
7 0 9 6 -2.144596459583672
7 1 1 7 2.3652487645241913
7 1 7 1 -2.3652487645241913
7 1 7 9 1.1413484523912434
7 1 9 7 -1.1413484523912434
7 2 2 7 -3.7348363472887733
7 2 3 6 -2.3179337433272478
7 2 6 3 2.3179337433272478
7 2 7 2 3.7348363472887733
7 3 3 7 -6.2331474801320432
7 3 7 3 6.2331474801320432
7 4 0 3 -1.9836097529673422
7 4 1 2 -1.7892291023276585
7 4 2 1 1.7892291023276585
7 4 2 9 -2.3573997397943849
7 4 3 0 1.9836097529673422
7 4 3 8 2.3074753633515108
7 4 4 7 -1.5095178387062158
7 4 5 6 1.08168055922538
7 4 6 5 -1.08168055922538
7 4 7 4 1.5095178387062158
7 4 8 3 -2.3074753633515108
7 4 9 2 2.3573997397943849
7 5 1 3 0.351205602453736
7 5 3 1 -0.351205602453736
7 5 3 9 -5.6910402213228117
7 5 5 7 -3.543878820990825
7 5 7 5 3.543878820990825
7 5 9 3 5.6910402213228117
7 6 6 7 -0.072944630507828651
7 6 7 6 0.072944630507828651
7 8 0 7 -1.8356992638781258
7 8 1 6 -1.1751769261824925
7 8 2 3 -1.016653222752085
7 8 3 2 1.016653222752085
7 8 6 1 1.1751769261824925
7 8 6 9 -3.6959991990558465
7 8 7 0 1.8356992638781258
7 8 7 8 -0.83510887116303234
7 8 8 7 0.83510887116303234
7 8 9 6 3.6959991990558465
7 9 1 7 -1.1413484523912434
7 9 7 1 1.1413484523912434
7 9 7 9 6.6205625964980328
7 9 9 7 -6.6205625964980328
7 10 0 1 -0.2460799447850841
7 10 0 9 -1.3388605586221816
7 10 1 0 0.2460799447850841
7 10 1 8 -1.1554436997272681
7 10 2 5 -4.1782876394199455
7 10 3 4 -0.38370364089435904
7 10 4 3 0.38370364089435904
7 10 5 2 4.1782876394199455
7 10 6 11 -1.543052937862047
7 10 7 10 -0.43958533574892389
7 10 8 1 1.1554436997272681
7 10 8 9 -1.4936731692948928
7 10 9 0 1.3388605586221816
7 10 9 8 1.4936731692948928
7 10 10 7 0.43958533574892389
7 10 11 6 1.543052937862047
7 11 1 9 -1.3389340004688135
7 11 3 5 1.8621839224615697
7 11 5 3 -1.8621839224615697
7 11 7 11 1.7178789721200149
7 11 9 1 1.3389340004688135
7 11 11 7 -1.7178789721200149
8 0 0 8 -2.7353591798812427
8 0 2 4 -1.7155578423178679
8 0 4 2 1.7155578423178679
8 0 6 10 -5.3995917332911088
8 0 8 0 2.7353591798812427
8 0 10 6 5.3995917332911088
8 1 0 1 2.647734298831196
8 1 0 9 2.3505799897077297
8 1 1 0 -2.647734298831196
8 1 1 8 -0.04172939338419928
8 1 2 5 2.9980171112573966
8 1 3 4 1.5259298843315117
8 1 4 3 -1.5259298843315117
8 1 5 2 -2.9980171112573966
8 1 6 11 -1.5132408527249317
8 1 7 10 1.1554436997272683
8 1 8 1 0.04172939338419928
8 1 8 9 1.0511836619801942
8 1 9 0 -2.3505799897077297
8 1 9 8 -1.0511836619801942
8 1 10 7 -1.1554436997272683
8 1 11 6 1.5132408527249317
8 2 0 2 -1.9024044250207655
8 2 2 0 1.9024044250207655
8 2 2 8 -0.75234925363465677
8 2 4 6 8.2541247097957928
8 2 6 4 -8.2541247097957928
8 2 8 2 0.75234925363465677
8 3 0 3 -0.13781859546228392
8 3 1 2 -1.2392589274398871
8 3 2 1 1.2392589274398871
8 3 2 9 -0.2655307229792313
8 3 3 0 0.13781859546228392
8 3 3 8 1.1567303495317438
8 3 4 7 2.3074753633515122
8 3 5 6 -0.095881219978134258
8 3 6 5 0.095881219978134258
8 3 7 4 -2.3074753633515122
8 3 8 3 -1.1567303495317438
8 3 9 2 0.2655307229792313
8 4 0 4 -1.2779434407671286
8 4 2 10 6.960879493936929
8 4 4 0 1.2779434407671286
8 4 4 8 5.7436950091382295
8 4 8 4 -5.7436950091382295
8 4 10 2 -6.960879493936929
8 5 0 5 7.7192297407957415
8 5 1 4 4.0590785082462935
8 5 2 11 -1.5278353681056447
8 5 3 10 5.7613841628506455
8 5 4 1 -4.0590785082462935
8 5 4 9 2.9544514032521363
8 5 5 0 -7.7192297407957415
8 5 5 8 -7.8836713848570028
8 5 8 5 7.8836713848570028
8 5 9 4 -2.9544514032521363
8 5 10 3 -5.7613841628506455
8 5 11 2 1.5278353681056447
8 6 0 6 -7.293714819580698
8 6 6 0 7.293714819580698
8 6 6 8 -5.3054029563462795
8 6 8 6 5.3054029563462795
8 7 0 7 1.8356992638781258
8 7 1 6 1.1751769261824925
8 7 2 3 1.016653222752085
8 7 3 2 -1.016653222752085
8 7 6 1 -1.1751769261824925
8 7 6 9 3.6959991990558465
8 7 7 0 -1.8356992638781258
8 7 7 8 0.83510887116303234
8 7 8 7 -0.83510887116303234
8 7 9 6 -3.6959991990558465
8 9 0 1 -0.10491299648513809
8 9 0 9 -1.3073704913173263
8 9 1 0 0.10491299648513809
8 9 1 8 -1.051183661980194
8 9 2 5 -3.7288250092747286
8 9 3 4 2.8046005540982488
8 9 4 3 -2.8046005540982488
8 9 5 2 3.7288250092747286
8 9 6 11 5.199404791115116
8 9 7 10 -1.493673169294893
8 9 8 1 1.051183661980194
8 9 8 9 -0.62591977634550855
8 9 9 0 1.3073704913173263
8 9 9 8 0.62591977634550855
8 9 10 7 1.493673169294893
8 9 11 6 -5.199404791115116
8 10 0 10 2.1515271399266074
8 10 8 10 3.4228431844979172
8 10 10 0 -2.1515271399266074
8 10 10 8 -3.4228431844979172
8 11 0 11 -2.4257448066501452
8 11 1 10 0.38267951707114234
8 11 4 5 3.2524743107419556
8 11 5 4 -3.2524743107419556
8 11 8 11 7.5506585887130289
8 11 9 10 -3.1058583572594376
8 11 10 1 -0.38267951707114234
8 11 10 9 3.1058583572594376
8 11 11 0 2.4257448066501452
8 11 11 8 -7.5506585887130289
9 0 0 1 4.5999750988339647
9 0 0 9 -0.04172939338419928
9 0 1 0 -4.5999750988339647
9 0 1 8 2.3505799897077302
9 0 2 5 0.34387412244600934
9 0 3 4 1.3285928252396166
9 0 4 3 -1.3285928252396166
9 0 5 2 -0.34387412244600934
9 0 6 11 -0.27822835162198095
9 0 7 10 1.3388605586221818
9 0 8 1 -2.3505799897077302
9 0 8 9 1.3073704913173263
9 0 9 0 0.04172939338419928
9 0 9 8 -1.3073704913173263
9 0 10 7 -1.3388605586221818
9 0 11 6 0.27822835162198095
9 1 1 9 -0.84713371908295809
9 1 3 5 -3.1882777466681187
9 1 5 3 3.1882777466681187
9 1 7 11 1.3389340004688135
9 1 9 1 0.84713371908295809
9 1 11 7 -1.3389340004688135
9 2 0 3 -5.4296400677328105
9 2 1 2 -2.0974354101645272
9 2 2 1 2.0974354101645272
9 2 2 9 -1.3390329836521317
9 2 3 0 5.4296400677328105
9 2 3 8 -0.2655307229792313
9 2 4 7 -2.3573997397943853
9 2 5 6 -0.10544497644454431
9 2 6 5 0.10544497644454431
9 2 7 4 2.3573997397943853
9 2 8 3 0.2655307229792313
9 2 9 2 1.3390329836521317
9 3 1 3 -0.78231761559728041
9 3 3 1 0.78231761559728041
9 3 3 9 4.1209607724810713
9 3 5 7 -5.6910402213228117
9 3 7 5 5.6910402213228117
9 3 9 3 -4.1209607724810713
9 4 0 5 -2.0519741242927068
9 4 1 4 1.4071093088862994
9 4 2 11 -0.65530719984755503
9 4 3 10 -3.1025096988327516
9 4 4 1 -1.4071093088862994
9 4 4 9 0.14567883234225659
9 4 5 0 2.0519741242927068
9 4 5 8 2.9544514032521367
9 4 8 5 -2.9544514032521367
9 4 9 4 -0.14567883234225659
9 4 10 3 3.1025096988327516
9 4 11 2 0.65530719984755503
9 5 1 5 -3.5662282578574924
9 5 3 11 9.0373171862087105
9 5 5 1 3.5662282578574924
9 5 5 9 -3.9475274308100161
9 5 9 5 3.9475274308100161
9 5 11 3 -9.0373171862087105
9 6 0 7 2.1445964595836724
9 6 1 6 1.8371190884772193
9 6 2 3 1.821554141472832
9 6 3 2 -1.821554141472832
9 6 6 1 -1.8371190884772193
9 6 6 9 -0.79780407416431776
9 6 7 0 -2.1445964595836724
9 6 7 8 3.6959991990558461
9 6 8 7 -3.6959991990558461
9 6 9 6 0.79780407416431776
9 7 1 7 1.1413484523912434
9 7 7 1 -1.1413484523912434
9 7 7 9 -6.6205625964980328
9 7 9 7 6.6205625964980328
9 8 0 1 0.10491299648513809
9 8 0 9 1.3073704913173263
9 8 1 0 -0.10491299648513809
9 8 1 8 1.051183661980194
9 8 2 5 3.7288250092747286
9 8 3 4 -2.8046005540982488
9 8 4 3 2.8046005540982488
9 8 5 2 -3.7288250092747286
9 8 6 11 -5.199404791115116
9 8 7 10 1.493673169294893
9 8 8 1 -1.051183661980194
9 8 8 9 0.62591977634550855
9 8 9 0 -1.3073704913173263
9 8 9 8 -0.62591977634550855
9 8 10 7 -1.493673169294893
9 8 11 6 5.199404791115116
9 10 0 11 -0.7980391937419159
9 10 1 10 1.0542863316485096
9 10 4 5 -4.6480954272208255
9 10 5 4 4.6480954272208255
9 10 8 11 -3.1058583572594376
9 10 9 10 3.2469921865029074
9 10 10 1 -1.0542863316485096
9 10 10 9 -3.2469921865029074
9 10 11 0 0.7980391937419159
9 10 11 8 3.1058583572594376
9 11 1 11 2.3267446992242253
9 11 9 11 4.5974966875975074
9 11 11 1 -2.3267446992242253
9 11 11 9 -4.5974966875975074
10 0 0 10 8.0720493465149694
10 0 8 10 -2.1515271399266074
10 0 10 0 -8.0720493465149694
10 0 10 8 2.1515271399266074
10 1 0 11 -2.7548921066167349
10 1 1 10 1.3968608286940283
10 1 4 5 -0.29555257327922135
10 1 5 4 0.29555257327922135
10 1 8 11 -0.38267951707114245
10 1 9 10 -1.0542863316485094
10 1 10 1 -1.3968608286940283
10 1 10 9 1.0542863316485094
10 1 11 0 2.7548921066167349
10 1 11 8 0.38267951707114245
10 2 0 4 1.207399445782924
10 2 2 10 3.7046378905180966
10 2 4 0 -1.207399445782924
10 2 4 8 6.9608794939369281
10 2 8 4 -6.9608794939369281
10 2 10 2 -3.7046378905180966
10 3 0 5 -1.6242746194509809
10 3 1 4 -3.5693553334149755
10 3 2 11 -0.055156420435246725
10 3 3 10 0.13045774454221271
10 3 4 1 3.5693553334149755
10 3 4 9 -3.1025096988327512
10 3 5 0 1.6242746194509809
10 3 5 8 5.7613841628506446
10 3 8 5 -5.7613841628506446
10 3 9 4 3.1025096988327512
10 3 10 3 -0.13045774454221271
10 3 11 2 0.055156420435246725
10 4 4 10 6.3213953131855618
10 4 10 4 -6.3213953131855618
10 5 4 11 -4.2609910797570496
10 5 5 10 1.392780228546419
10 5 10 5 -1.392780228546419
10 5 11 4 4.2609910797570496
10 6 0 8 -5.3995917332911088
10 6 2 4 9.5788045351258013
10 6 4 2 -9.5788045351258013
10 6 6 10 1.8310565462994473
10 6 8 0 5.3995917332911088
10 6 10 6 -1.8310565462994473
10 7 0 1 0.2460799447850841
10 7 0 9 1.3388605586221816
10 7 1 0 -0.2460799447850841
10 7 1 8 1.1554436997272681
10 7 2 5 4.1782876394199455
10 7 3 4 0.38370364089435904
10 7 4 3 -0.38370364089435904
10 7 5 2 -4.1782876394199455
10 7 6 11 1.543052937862047
10 7 7 10 0.43958533574892389
10 7 8 1 -1.1554436997272681
10 7 8 9 1.4936731692948928
10 7 9 0 -1.3388605586221816
10 7 9 8 -1.4936731692948928
10 7 10 7 -0.43958533574892389
10 7 11 6 -1.543052937862047
10 8 0 10 -2.1515271399266074
10 8 8 10 -3.4228431844979172
10 8 10 0 2.1515271399266074
10 8 10 8 3.4228431844979172
10 9 0 11 0.7980391937419159
10 9 1 10 -1.0542863316485096
10 9 4 5 4.6480954272208255
10 9 5 4 -4.6480954272208255
10 9 8 11 3.1058583572594376
10 9 9 10 -3.2469921865029074
10 9 10 1 1.0542863316485096
10 9 10 9 3.2469921865029074
10 9 11 0 -0.7980391937419159
10 9 11 8 -3.1058583572594376
10 11 10 11 0.35099410704007128
10 11 11 10 -0.35099410704007128
11 0 0 11 6.1210813018672567
11 0 1 10 -2.7548921066167344
11 0 4 5 10.394119387019963
11 0 5 4 -10.394119387019963
11 0 8 11 2.4257448066501461
11 0 9 10 0.79803919374191601
11 0 10 1 2.7548921066167344
11 0 10 9 -0.79803919374191601
11 0 11 0 -6.1210813018672567
11 0 11 8 -2.4257448066501461
11 1 1 11 0.90510320934221444
11 1 9 11 -2.3267446992242253
11 1 11 1 -0.90510320934221444
11 1 11 9 2.3267446992242253
11 2 0 5 0.94548729880879101
11 2 1 4 5.7013440431209288
11 2 2 11 13.683149886401914
11 2 3 10 -0.055156420435246822
11 2 4 1 -5.7013440431209288
11 2 4 9 -0.65530719984755481
11 2 5 0 -0.94548729880879101
11 2 5 8 -1.5278353681056447
11 2 8 5 1.5278353681056447
11 2 9 4 0.65530719984755481
11 2 10 3 0.055156420435246822
11 2 11 2 -13.683149886401914
11 3 1 5 -5.580805008122975
11 3 3 11 -2.7937855545009418
11 3 5 1 5.580805008122975
11 3 5 9 9.0373171862087105
11 3 9 5 -9.0373171862087105
11 3 11 3 2.7937855545009418
11 4 4 11 0.64783752393877125
11 4 5 10 -4.2609910797570496
11 4 10 5 4.2609910797570496
11 4 11 4 -0.64783752393877125
11 5 5 11 2.194902899212936
11 5 11 5 -2.194902899212936
11 6 0 1 5.0825226024317605
11 6 0 9 -0.27822835162198079
11 6 1 0 -5.0825226024317605
11 6 1 8 -1.5132408527249313
11 6 2 5 -2.5509679343224669
11 6 3 4 0.75569074716090423
11 6 4 3 -0.75569074716090423
11 6 5 2 2.5509679343224669
11 6 6 11 1.044301966631332
11 6 7 10 1.543052937862047
11 6 8 1 1.5132408527249313
11 6 8 9 -5.199404791115116
11 6 9 0 0.27822835162198079
11 6 9 8 5.199404791115116
11 6 10 7 -1.543052937862047
11 6 11 6 -1.044301966631332
11 7 1 9 1.3389340004688135
11 7 3 5 -1.8621839224615697
11 7 5 3 1.8621839224615697
11 7 7 11 -1.7178789721200149
11 7 9 1 -1.3389340004688135
11 7 11 7 1.7178789721200149
11 8 0 11 2.4257448066501452
11 8 1 10 -0.38267951707114234
11 8 4 5 -3.2524743107419556
11 8 5 4 3.2524743107419556
11 8 8 11 -7.5506585887130289
11 8 9 10 3.1058583572594376
11 8 10 1 0.38267951707114234
11 8 10 9 -3.1058583572594376
11 8 11 0 -2.4257448066501452
11 8 11 8 7.5506585887130289
11 9 1 11 -2.3267446992242253
11 9 9 11 -4.5974966875975074
11 9 11 1 2.3267446992242253
11 9 11 9 4.5974966875975074
11 10 10 11 -0.35099410704007128
11 10 11 10 0.35099410704007128
