7.5018503662688785
0 0 0.90897348841191494
0 8 0.15152119855674495
1 1 -1.0802803551096012
1 9 3.7750914284381731
2 2 2.2506380429173891
3 3 0.21890631320506776
4 4 3.009214851710702
5 5 3.6217477461205467
6 6 1.630462118433867
7 7 -1.4293850116127023
8 0 0.15152119855674495
8 8 -3.5947410746341975
9 1 3.7750914284381731
9 9 -2.5315846527385708
10 10 -1.6916113625525315
11 11 0.40850621610008708
0 1 0 1 -0.80033022971507195
0 1 0 9 2.1984510630643102
0 1 1 0 0.80033022971507195
0 1 1 8 0.79786936886071602
0 1 2 5 -0.46668695036734698
0 1 3 4 0.53083656396682
0 1 4 3 -0.53083656396682
0 1 5 2 0.46668695036734698
0 1 6 11 -0.0972296680803377
0 1 7 10 -0.51171099422507704
0 1 8 1 -0.79786936886071602
0 1 8 9 0.66480455767219004
0 1 9 0 -2.1984510630643102
0 1 9 8 -0.66480455767219004
0 1 10 7 0.51171099422507704
0 1 11 6 0.0972296680803377
0 2 0 2 -0.20520699891959099
0 2 2 0 0.20520699891959099
0 2 2 8 -0.030376892507548998
0 2 4 6 -1.98352747597181
0 2 6 4 1.98352747597181
0 2 8 2 0.030376892507548998
0 3 0 3 0.52672016515279996
0 3 1 2 -0.45996920848820799
0 3 2 1 0.45996920848820799
0 3 2 9 1.1458727620057301
0 3 3 0 -0.52672016515279996
0 3 3 8 -0.27493138100164199
0 3 4 7 -1.18810972181235
0 3 5 6 2.3966674581454499
0 3 6 5 -2.3966674581454499
0 3 7 4 1.18810972181235
0 3 8 3 0.27493138100164199
0 3 9 2 -1.1458727620057301
0 4 0 4 -0.78655659404992195
0 4 2 10 -1.1567304047459099
0 4 4 0 0.78655659404992195
0 4 4 8 -0.19774753255000799
0 4 8 4 0.19774753255000799
0 4 10 2 1.1567304047459099
0 5 0 5 0.92749880514476002
0 5 1 4 1.35903545594859
0 5 2 11 1.00745293748898
0 5 3 10 0.28938873374261398
0 5 4 1 -1.35903545594859
0 5 4 9 -0.27130616888741499
0 5 5 0 -0.92749880514476002
0 5 5 8 -0.144970572578489
0 5 8 5 0.144970572578489
0 5 9 4 0.27130616888741499
0 5 10 3 -0.28938873374261398
0 5 11 2 -1.00745293748898
0 6 0 6 2.2985363106341299
0 6 6 0 -2.2985363106341299
0 6 6 8 0.16373593738862599
0 6 8 6 -0.16373593738862599
0 7 0 7 -0.64165663706450204
0 7 1 6 0.0103483271523752
0 7 2 3 0.94325913054910904
0 7 3 2 -0.94325913054910904
0 7 6 1 -0.0103483271523752
0 7 6 9 0.106262543469161
0 7 7 0 0.64165663706450204
0 7 7 8 0.018500645662346899
0 7 8 7 -0.018500645662346899
0 7 9 6 -0.106262543469161
0 8 0 8 -0.600975961447345
0 8 2 4 0.83372801462514101
0 8 4 2 -0.83372801462514101
0 8 6 10 0.16891267898724699
0 8 8 0 0.600975961447345
0 8 10 6 -0.16891267898724699
0 9 0 1 2.1984510630643102
0 9 0 9 -1.8813082490663
0 9 1 0 -2.1984510630643102
0 9 1 8 0.40327984059729499
0 9 2 5 0.76570799383285304
0 9 3 4 0.20100025378481301
0 9 4 3 -0.20100025378481301
0 9 5 2 -0.76570799383285304
0 9 6 11 -1.09274869768067
0 9 7 10 -0.36262404591477898
0 9 8 1 -0.40327984059729499
0 9 8 9 1.0921531997040299
0 9 9 0 1.8813082490663
0 9 9 8 -1.0921531997040299
0 9 10 7 0.36262404591477898
0 9 11 6 1.09274869768067
0 10 0 10 0.646923993254642
0 10 8 10 -0.49712149381161402
0 10 10 0 -0.646923993254642
0 10 10 8 0.49712149381161402
0 11 0 11 0.66962769012298795
0 11 1 10 -0.51338732495659301
0 11 4 5 -0.81285039520937896
0 11 5 4 0.81285039520937896
0 11 8 11 0.34532731317795401
0 11 9 10 0.280156716706144
0 11 10 1 0.51338732495659301
0 11 10 9 -0.280156716706144
0 11 11 0 -0.66962769012298795
0 11 11 8 -0.34532731317795401
1 0 0 1 0.80033022971507195
1 0 0 9 -2.1984510630643102
1 0 1 0 -0.80033022971507195
1 0 1 8 -0.79786936886071602
1 0 2 5 0.46668695036734698
1 0 3 4 -0.53083656396682
1 0 4 3 0.53083656396682
1 0 5 2 -0.46668695036734698
1 0 6 11 0.0972296680803377
1 0 7 10 0.51171099422507704
1 0 8 1 0.79786936886071602
1 0 8 9 -0.66480455767219004
1 0 9 0 2.1984510630643102
1 0 9 8 0.66480455767219004
1 0 10 7 -0.51171099422507704
1 0 11 6 -0.0972296680803377
1 2 0 3 -0.45996920848820799
1 2 1 2 1.9581445657601
1 2 2 1 -1.9581445657601
1 2 2 9 0.27201711437873999
1 2 3 0 0.45996920848820799
1 2 3 8 0.038312949362527
1 2 4 7 0.61772667182574004
1 2 5 6 -0.208125761654368
1 2 6 5 0.208125761654368
1 2 7 4 -0.61772667182574004
1 2 8 3 -0.038312949362527
1 2 9 2 -0.27201711437873999
1 3 1 3 -2.7064026414698801
1 3 3 1 2.7064026414698801
1 3 3 9 0.0590899388841458
1 3 5 7 -0.752989332500831
1 3 7 5 0.752989332500831
1 3 9 3 -0.0590899388841458
1 4 0 5 1.35903545594859
1 4 1 4 1.67948813464015
1 4 2 11 -1.0339670470958899
1 4 3 10 -0.83204325036312499
1 4 4 1 -1.67948813464015
1 4 4 9 -0.32699803692683399
1 4 5 0 -1.35903545594859
1 4 5 8 -1.0591050150628201
1 4 8 5 1.0591050150628201
1 4 9 4 0.32699803692683399
1 4 10 3 0.83204325036312499
1 4 11 2 1.0339670470958899
1 5 1 5 -0.60969763158301205
1 5 3 11 -1.8555070575541199
1 5 5 1 0.60969763158301205
1 5 5 9 -1.53291005638807
1 5 9 5 1.53291005638807
1 5 11 3 1.8555070575541199
1 6 0 7 0.0103483271523752
1 6 1 6 -0.98968658836294998
1 6 2 3 -0.25253977986135201
1 6 3 2 0.25253977986135201
1 6 6 1 0.98968658836294998
1 6 6 9 0.58679052750106697
1 6 7 0 -0.0103483271523752
1 6 7 8 0.52155194853694298
1 6 8 7 -0.52155194853694298
1 6 9 6 -0.58679052750106697
1 7 1 7 -1.1429907102369501
1 7 7 1 1.1429907102369501
1 7 7 9 0.217331539986823
1 7 9 7 -0.217331539986823
1 8 0 1 0.79786936886071602
1 8 0 9 0.40327984059729499
1 8 1 0 -0.79786936886071602
1 8 1 8 -0.89992499946992099
1 8 2 5 0.42119650503415501
1 8 3 4 1.0023411783070999
1 8 4 3 -1.0023411783070999
1 8 5 2 -0.42119650503415501
1 8 6 11 -1.6222923790308099
1 8 7 10 -1.3151875711696099
1 8 8 1 0.89992499946992099
1 8 8 9 -0.63292787959596597
1 8 9 0 -0.40327984059729499
1 8 9 8 0.63292787959596597
1 8 10 7 1.3151875711696099
1 8 11 6 1.6222923790308099
1 9 1 9 0.039402973611309199
1 9 3 5 0.41989672014294499
1 9 5 3 -0.41989672014294499
1 9 7 11 0.97581886341188395
1 9 9 1 -0.039402973611309199
1 9 11 7 -0.97581886341188395
1 10 0 11 -0.51338732495659301
1 10 1 10 -0.26072449850469398
1 10 4 5 -0.62751553245269998
1 10 5 4 0.62751553245269998
1 10 8 11 -1.483568028938
1 10 9 10 0.67666536733860405
1 10 10 1 0.26072449850469398
1 10 10 9 -0.67666536733860405
1 10 11 0 0.51338732495659301
1 10 11 8 1.483568028938
1 11 1 11 0.37238517186138598
1 11 9 11 0.98734481303564103
1 11 11 1 -0.37238517186138598
1 11 11 9 -0.98734481303564103
2 0 0 2 0.20520699891959099
2 0 2 0 -0.20520699891959099
2 0 2 8 0.030376892507548998
2 0 4 6 1.98352747597181
2 0 6 4 -1.98352747597181
2 0 8 2 -0.030376892507548998
2 1 0 3 0.45996920848820799
2 1 1 2 -1.9581445657601
2 1 2 1 1.9581445657601
2 1 2 9 -0.27201711437873999
2 1 3 0 -0.45996920848820799
2 1 3 8 -0.038312949362527
2 1 4 7 -0.61772667182574004
2 1 5 6 0.208125761654368
2 1 6 5 -0.208125761654368
2 1 7 4 0.61772667182574004
2 1 8 3 0.038312949362527
2 1 9 2 0.27201711437873999
2 3 0 7 0.94325913054910904
2 3 1 6 -0.25253977986135201
2 3 2 3 -0.78209660467860398
2 3 3 2 0.78209660467860398
2 3 6 1 0.25253977986135201
2 3 6 9 1.95034867267491
2 3 7 0 -0.94325913054910904
2 3 7 8 -0.86526881058666305
2 3 8 7 0.86526881058666305
2 3 9 6 -1.95034867267491
2 4 0 8 0.83372801462514101
2 4 2 4 1.1102868295275199
2 4 4 2 -1.1102868295275199
2 4 6 10 -0.87165665305566897
2 4 8 0 -0.83372801462514101
2 4 10 6 0.87165665305566897
2 5 0 1 -0.46668695036734698
2 5 0 9 0.76570799383285304
2 5 1 0 0.46668695036734698
2 5 1 8 0.42119650503415501
2 5 2 5 0.045531220177290999
2 5 3 4 -1.46462970344333
2 5 4 3 1.46462970344333
2 5 5 2 -0.045531220177290999
2 5 6 11 1.0670952183144999
2 5 7 10 0.566662644643386
2 5 8 1 -0.42119650503415501
2 5 8 9 1.0303111058475201
2 5 9 0 -0.76570799383285304
2 5 9 8 -1.0303111058475201
2 5 10 7 -0.566662644643386
2 5 11 6 -1.0670952183144999
2 6 2 6 0.10565078708728801
2 6 6 2 -0.10565078708728801
2 7 2 7 1.55082002292076
2 7 3 6 -1.5154483308395199
2 7 6 3 1.5154483308395199
2 7 7 2 -1.55082002292076
2 8 0 2 -0.030376892507548998
2 8 2 0 0.030376892507548998
2 8 2 8 0.17632564120706401
2 8 4 6 0.193339158771343
2 8 6 4 -0.193339158771343
2 8 8 2 -0.17632564120706401
2 9 0 3 1.1458727620057301
2 9 1 2 0.27201711437873999
2 9 2 1 -0.27201711437873999
2 9 2 9 -0.34737855280198299
2 9 3 0 -1.1458727620057301
2 9 3 8 -0.095913456014837306
2 9 4 7 -1.49472813102364
2 9 5 6 0.70953074340673605
2 9 6 5 -0.70953074340673605
2 9 7 4 1.49472813102364
2 9 8 3 0.095913456014837306
2 9 9 2 0.34737855280198299
2 10 0 4 -1.1567304047459099
2 10 2 10 -0.73308538018226499
2 10 4 0 1.1567304047459099
2 10 4 8 0.030966777868327199
2 10 8 4 -0.030966777868327199
2 10 10 2 0.73308538018226499
2 11 0 5 1.00745293748898
2 11 1 4 -1.0339670470958899
2 11 2 11 0.22228332607490001
2 11 3 10 0.53562691387469696
2 11 4 1 1.0339670470958899
2 11 4 9 0.23299235109212199
2 11 5 0 -1.00745293748898
2 11 5 8 -0.37521826613882597
2 11 8 5 0.37521826613882597
2 11 9 4 -0.23299235109212199
2 11 10 3 -0.53562691387469696
2 11 11 2 -0.22228332607490001
3 0 0 3 -0.52672016515279996
3 0 1 2 0.45996920848820799
3 0 2 1 -0.45996920848820799
3 0 2 9 -1.1458727620057301
3 0 3 0 0.52672016515279996
3 0 3 8 0.27493138100164199
3 0 4 7 1.18810972181235
3 0 5 6 -2.3966674581454499
3 0 6 5 2.3966674581454499
3 0 7 4 -1.18810972181235
3 0 8 3 -0.27493138100164199
3 0 9 2 1.1458727620057301
3 1 1 3 2.7064026414698801
3 1 3 1 -2.7064026414698801
3 1 3 9 -0.0590899388841458
3 1 5 7 0.752989332500831
3 1 7 5 -0.752989332500831
3 1 9 3 0.0590899388841458
3 2 0 7 -0.94325913054910904
3 2 1 6 0.25253977986135201
3 2 2 3 0.78209660467860398
3 2 3 2 -0.78209660467860398
3 2 6 1 -0.25253977986135201
3 2 6 9 -1.95034867267491
3 2 7 0 0.94325913054910904
3 2 7 8 0.86526881058666305
3 2 8 7 -0.86526881058666305
3 2 9 6 1.95034867267491
3 4 0 1 0.53083656396682
3 4 0 9 0.20100025378481301
3 4 1 0 -0.53083656396682
3 4 1 8 1.0023411783070999
3 4 2 5 -1.46462970344333
3 4 3 4 0.33343319181922199
3 4 4 3 -0.33343319181922199
3 4 5 2 1.46462970344333
3 4 6 11 0.0155144190795152
3 4 7 10 -0.27256479936810102
3 4 8 1 -1.0023411783070999
3 4 8 9 -1.7238664421854499
3 4 9 0 -0.20100025378481301
3 4 9 8 1.7238664421854499
3 4 10 7 0.27256479936810102
3 4 11 6 -0.0155144190795152
3 5 1 9 0.41989672014294499
3 5 3 5 1.4423132303032999
3 5 5 3 -1.4423132303032999
3 5 7 11 0.26381811252687298
3 5 9 1 -0.41989672014294499
3 5 11 7 -0.26381811252687298
3 6 2 7 -1.5154483308395199
3 6 3 6 1.4013397297714101
3 6 6 3 -1.4013397297714101
3 6 7 2 1.5154483308395199
3 7 3 7 -0.273096949677339
3 7 7 3 0.273096949677339
3 8 0 3 -0.27493138100164199
3 8 1 2 0.038312949362527
3 8 2 1 -0.038312949362527
3 8 2 9 -0.095913456014837306
3 8 3 0 0.27493138100164199
3 8 3 8 -1.1601085386019601
3 8 4 7 1.2850711610019601
3 8 5 6 0.069993466332247498
3 8 6 5 -0.069993466332247498
3 8 7 4 -1.2850711610019601
3 8 8 3 1.1601085386019601
3 8 9 2 0.095913456014837306
3 9 1 3 0.0590899388841458
3 9 3 1 -0.0590899388841458
3 9 3 9 -0.47089477290701598
3 9 5 7 0.23544425563111199
3 9 7 5 -0.23544425563111199
3 9 9 3 0.47089477290701598
3 10 0 5 0.28938873374261398
3 10 1 4 -0.83204325036312499
3 10 2 11 0.53562691387469696
3 10 3 10 0.142997486191553
3 10 4 1 0.83204325036312499
3 10 4 9 -1.35048674470914
3 10 5 0 -0.28938873374261398
3 10 5 8 1.19230593775897
3 10 8 5 -1.19230593775897
3 10 9 4 1.35048674470914
3 10 10 3 -0.142997486191553
3 10 11 2 -0.53562691387469696
3 11 1 5 -1.8555070575541199
3 11 3 11 0.079069042496979006
3 11 5 1 1.8555070575541199
3 11 5 9 0.82402298608937996
3 11 9 5 -0.82402298608937996
3 11 11 3 -0.079069042496979006
4 0 0 4 0.78655659404992195
4 0 2 10 1.1567304047459099
4 0 4 0 -0.78655659404992195
4 0 4 8 0.19774753255000799
4 0 8 4 -0.19774753255000799
4 0 10 2 -1.1567304047459099
4 1 0 5 -1.35903545594859
4 1 1 4 -1.67948813464015
4 1 2 11 1.0339670470958899
4 1 3 10 0.83204325036312499
4 1 4 1 1.67948813464015
4 1 4 9 0.32699803692683399
4 1 5 0 1.35903545594859
4 1 5 8 1.0591050150628201
4 1 8 5 -1.0591050150628201
4 1 9 4 -0.32699803692683399
4 1 10 3 -0.83204325036312499
4 1 11 2 -1.0339670470958899
4 2 0 8 -0.83372801462514101
4 2 2 4 -1.1102868295275199
4 2 4 2 1.1102868295275199
4 2 6 10 0.87165665305566897
4 2 8 0 0.83372801462514101
4 2 10 6 -0.87165665305566897
4 3 0 1 -0.53083656396682
4 3 0 9 -0.20100025378481301
4 3 1 0 0.53083656396682
4 3 1 8 -1.0023411783070999
4 3 2 5 1.46462970344333
4 3 3 4 -0.33343319181922199
4 3 4 3 0.33343319181922199
4 3 5 2 -1.46462970344333
4 3 6 11 -0.0155144190795152
4 3 7 10 0.27256479936810102
4 3 8 1 1.0023411783070999
4 3 8 9 1.7238664421854499
4 3 9 0 0.20100025378481301
4 3 9 8 -1.7238664421854499
4 3 10 7 -0.27256479936810102
4 3 11 6 0.0155144190795152
4 5 0 11 -0.81285039520937896
4 5 1 10 -0.62751553245269998
4 5 4 5 0.13938492130080801
4 5 5 4 -0.13938492130080801
4 5 8 11 -0.36133724100944198
4 5 9 10 0.26841149972148298
4 5 10 1 0.62751553245269998
4 5 10 9 -0.26841149972148298
4 5 11 0 0.81285039520937896
4 5 11 8 0.36133724100944198
4 6 0 2 -1.98352747597181
4 6 2 0 1.98352747597181
4 6 2 8 0.193339158771343
4 6 4 6 -1.0962607573719401
4 6 6 4 1.0962607573719401
4 6 8 2 -0.193339158771343
4 7 0 3 -1.18810972181235
4 7 1 2 0.61772667182574004
4 7 2 1 -0.61772667182574004
4 7 2 9 -1.49472813102364
4 7 3 0 1.18810972181235
4 7 3 8 1.2850711610019601
4 7 4 7 -0.0069306999632389897
4 7 5 6 0.070728020203105604
4 7 6 5 -0.070728020203105604
4 7 7 4 0.0069306999632389897
4 7 8 3 -1.2850711610019601
4 7 9 2 1.49472813102364
4 8 0 4 -0.19774753255000799
4 8 2 10 0.030966777868327199
4 8 4 0 0.19774753255000799
4 8 4 8 -0.69796004075696705
4 8 8 4 0.69796004075696705
4 8 10 2 -0.030966777868327199
4 9 0 5 -0.27130616888741499
4 9 1 4 -0.32699803692683399
4 9 2 11 0.23299235109212199
4 9 3 10 -1.35048674470914
4 9 4 1 0.32699803692683399
4 9 4 9 -0.57414862608421702
4 9 5 0 0.27130616888741499
4 9 5 8 -1.5495547900612601
4 9 8 5 1.5495547900612601
4 9 9 4 0.57414862608421702
4 9 10 3 1.35048674470914
4 9 11 2 -0.23299235109212199
4 10 4 10 -0.57103480136904305
4 10 10 4 0.57103480136904305
4 11 4 11 -0.227569180211489
4 11 5 10 1.0651183689677399
4 11 10 5 -1.0651183689677399
4 11 11 4 0.227569180211489
5 0 0 5 -0.92749880514476002
5 0 1 4 -1.35903545594859
5 0 2 11 -1.00745293748898
5 0 3 10 -0.28938873374261398
5 0 4 1 1.35903545594859
5 0 4 9 0.27130616888741499
5 0 5 0 0.92749880514476002
5 0 5 8 0.144970572578489
5 0 8 5 -0.144970572578489
5 0 9 4 -0.27130616888741499
5 0 10 3 0.28938873374261398
5 0 11 2 1.00745293748898
5 1 1 5 0.60969763158301205
5 1 3 11 1.8555070575541199
5 1 5 1 -0.60969763158301205
5 1 5 9 1.53291005638807
5 1 9 5 -1.53291005638807
5 1 11 3 -1.8555070575541199
5 2 0 1 0.46668695036734698
5 2 0 9 -0.76570799383285304
5 2 1 0 -0.46668695036734698
5 2 1 8 -0.42119650503415501
5 2 2 5 -0.045531220177290999
5 2 3 4 1.46462970344333
5 2 4 3 -1.46462970344333
5 2 5 2 0.045531220177290999
5 2 6 11 -1.0670952183144999
5 2 7 10 -0.566662644643386
5 2 8 1 0.42119650503415501
5 2 8 9 -1.0303111058475201
5 2 9 0 0.76570799383285304
5 2 9 8 1.0303111058475201
5 2 10 7 0.566662644643386
5 2 11 6 1.0670952183144999
5 3 1 9 -0.41989672014294499
5 3 3 5 -1.4423132303032999
5 3 5 3 1.4423132303032999
5 3 7 11 -0.26381811252687298
5 3 9 1 0.41989672014294499
5 3 11 7 0.26381811252687298
5 4 0 11 0.81285039520937896
5 4 1 10 0.62751553245269998
5 4 4 5 -0.13938492130080801
5 4 5 4 0.13938492130080801
5 4 8 11 0.36133724100944198
5 4 9 10 -0.26841149972148298
5 4 10 1 -0.62751553245269998
5 4 10 9 0.26841149972148298
5 4 11 0 -0.81285039520937896
5 4 11 8 -0.36133724100944198
5 6 0 3 2.3966674581454499
5 6 1 2 -0.208125761654368
5 6 2 1 0.208125761654368
5 6 2 9 0.70953074340673605
5 6 3 0 -2.3966674581454499
5 6 3 8 0.069993466332247498
5 6 4 7 0.070728020203105604
5 6 5 6 0.041944576276479802
5 6 6 5 -0.041944576276479802
5 6 7 4 -0.070728020203105604
5 6 8 3 -0.069993466332247498
5 6 9 2 -0.70953074340673605
5 7 1 3 -0.752989332500831
5 7 3 1 0.752989332500831
5 7 3 9 0.23544425563111199
5 7 5 7 -0.98635088987850805
5 7 7 5 0.98635088987850805
5 7 9 3 -0.23544425563111199
5 8 0 5 -0.144970572578489
5 8 1 4 -1.0591050150628201
5 8 2 11 -0.37521826613882597
5 8 3 10 1.19230593775897
5 8 4 1 1.0591050150628201
5 8 4 9 -1.5495547900612601
5 8 5 0 0.144970572578489
5 8 5 8 -0.61811439668310497
5 8 8 5 0.61811439668310497
5 8 9 4 1.5495547900612601
5 8 10 3 -1.19230593775897
5 8 11 2 0.37521826613882597
5 9 1 5 -1.53291005638807
5 9 3 11 0.82402298608937996
5 9 5 1 1.53291005638807
5 9 5 9 0.40389556447584901
5 9 9 5 -0.40389556447584901
5 9 11 3 -0.82402298608937996
5 10 4 11 1.0651183689677399
5 10 5 10 -0.90545281619257501
5 10 10 5 0.90545281619257501
5 10 11 4 -1.0651183689677399
5 11 5 11 -1.2480087050378299
5 11 11 5 1.2480087050378299
6 0 0 6 -2.2985363106341299
6 0 6 0 2.2985363106341299
6 0 6 8 -0.16373593738862599
6 0 8 6 0.16373593738862599
6 1 0 7 -0.0103483271523752
6 1 1 6 0.98968658836294998
6 1 2 3 0.25253977986135201
6 1 3 2 -0.25253977986135201
6 1 6 1 -0.98968658836294998
6 1 6 9 -0.58679052750106697
6 1 7 0 0.0103483271523752
6 1 7 8 -0.52155194853694298
6 1 8 7 0.52155194853694298
6 1 9 6 0.58679052750106697
6 2 2 6 -0.10565078708728801
6 2 6 2 0.10565078708728801
6 3 2 7 1.5154483308395199
6 3 3 6 -1.4013397297714101
6 3 6 3 1.4013397297714101
6 3 7 2 -1.5154483308395199
6 4 0 2 1.98352747597181
6 4 2 0 -1.98352747597181
6 4 2 8 -0.193339158771343
6 4 4 6 1.0962607573719401
6 4 6 4 -1.0962607573719401
6 4 8 2 0.193339158771343
6 5 0 3 -2.3966674581454499
6 5 1 2 0.208125761654368
6 5 2 1 -0.208125761654368
6 5 2 9 -0.70953074340673605
6 5 3 0 2.3966674581454499
6 5 3 8 -0.069993466332247498
6 5 4 7 -0.070728020203105604
6 5 5 6 -0.041944576276479802
6 5 6 5 0.041944576276479802
6 5 7 4 0.070728020203105604
6 5 8 3 0.069993466332247498
6 5 9 2 0.70953074340673605
6 7 6 7 -1.8281206695799099
6 7 7 6 1.8281206695799099
6 8 0 6 0.16373593738862599
6 8 6 0 -0.16373593738862599
6 8 6 8 -0.83357176249541298
6 8 8 6 0.83357176249541298
6 9 0 7 0.106262543469161
6 9 1 6 0.58679052750106697
6 9 2 3 1.95034867267491
6 9 3 2 -1.95034867267491
6 9 6 1 -0.58679052750106697
6 9 6 9 -0.12654438619427
6 9 7 0 -0.106262543469161
6 9 7 8 0.47162586058648198
6 9 8 7 -0.47162586058648198
6 9 9 6 0.12654438619427
6 10 0 8 0.16891267898724699
6 10 2 4 -0.87165665305566897
6 10 4 2 0.87165665305566897
6 10 6 10 1.3346179194113299
6 10 8 0 -0.16891267898724699
6 10 10 6 -1.3346179194113299
6 11 0 1 -0.0972296680803377
6 11 0 9 -1.09274869768067
6 11 1 0 0.0972296680803377
6 11 1 8 -1.6222923790308099
6 11 2 5 1.0670952183144999
6 11 3 4 0.0155144190795152
6 11 4 3 -0.0155144190795152
6 11 5 2 -1.0670952183144999
6 11 6 11 0.26362670964373702
6 11 7 10 -0.682161519670754
6 11 8 1 1.6222923790308099
6 11 8 9 -0.69348628008281199
6 11 9 0 1.09274869768067
6 11 9 8 0.69348628008281199
6 11 10 7 0.682161519670754
6 11 11 6 -0.26362670964373702
7 0 0 7 0.64165663706450204
7 0 1 6 -0.0103483271523752
7 0 2 3 -0.94325913054910904
7 0 3 2 0.94325913054910904
7 0 6 1 0.0103483271523752
7 0 6 9 -0.106262543469161
7 0 7 0 -0.64165663706450204
7 0 7 8 -0.018500645662346899
7 0 8 7 0.018500645662346899
7 0 9 6 0.106262543469161
7 1 1 7 1.1429907102369501
7 1 7 1 -1.1429907102369501
7 1 7 9 -0.217331539986823
7 1 9 7 0.217331539986823
7 2 2 7 -1.55082002292076
7 2 3 6 1.5154483308395199
7 2 6 3 -1.5154483308395199
7 2 7 2 1.55082002292076
7 3 3 7 0.273096949677339
7 3 7 3 -0.273096949677339
7 4 0 3 1.18810972181235
7 4 1 2 -0.61772667182574004
7 4 2 1 0.61772667182574004
7 4 2 9 1.49472813102364
7 4 3 0 -1.18810972181235
7 4 3 8 -1.2850711610019601
7 4 4 7 0.0069306999632389897
7 4 5 6 -0.070728020203105604
7 4 6 5 0.070728020203105604
7 4 7 4 -0.0069306999632389897
7 4 8 3 1.2850711610019601
7 4 9 2 -1.49472813102364
7 5 1 3 0.752989332500831
7 5 3 1 -0.752989332500831
7 5 3 9 -0.23544425563111199
7 5 5 7 0.98635088987850805
7 5 7 5 -0.98635088987850805
7 5 9 3 0.23544425563111199
7 6 6 7 1.8281206695799099
7 6 7 6 -1.8281206695799099
7 8 0 7 0.018500645662346899
7 8 1 6 0.52155194853694298
7 8 2 3 -0.86526881058666305
7 8 3 2 0.86526881058666305
7 8 6 1 -0.52155194853694298
7 8 6 9 0.47162586058648198
7 8 7 0 -0.018500645662346899
7 8 7 8 -0.486197055193964
7 8 8 7 0.486197055193964
7 8 9 6 -0.47162586058648198
7 9 1 7 0.217331539986823
7 9 7 1 -0.217331539986823
7 9 7 9 -0.58874460617264601
7 9 9 7 0.58874460617264601
7 10 0 1 -0.51171099422507704
7 10 0 9 -0.36262404591477898
7 10 1 0 0.51171099422507704
7 10 1 8 -1.3151875711696099
7 10 2 5 0.566662644643386
7 10 3 4 -0.27256479936810102
7 10 4 3 0.27256479936810102
7 10 5 2 -0.566662644643386
7 10 6 11 -0.682161519670754
7 10 7 10 0.354658564864131
7 10 8 1 1.3151875711696099
7 10 8 9 -0.89275282500725905
7 10 9 0 0.36262404591477898
7 10 9 8 0.89275282500725905
7 10 10 7 -0.354658564864131
7 10 11 6 0.682161519670754
7 11 1 9 0.97581886341188395
7 11 3 5 0.26381811252687298
7 11 5 3 -0.26381811252687298
7 11 7 11 -0.395487086834446
7 11 9 1 -0.97581886341188395
7 11 11 7 0.395487086834446
8 0 0 8 0.600975961447345
8 0 2 4 -0.83372801462514101
8 0 4 2 0.83372801462514101
8 0 6 10 -0.16891267898724699
8 0 8 0 -0.600975961447345
8 0 10 6 0.16891267898724699
8 1 0 1 -0.79786936886071602
8 1 0 9 -0.40327984059729499
8 1 1 0 0.79786936886071602
8 1 1 8 0.89992499946992099
8 1 2 5 -0.42119650503415501
8 1 3 4 -1.0023411783070999
8 1 4 3 1.0023411783070999
8 1 5 2 0.42119650503415501
8 1 6 11 1.6222923790308099
8 1 7 10 1.3151875711696099
8 1 8 1 -0.89992499946992099
8 1 8 9 0.63292787959596597
8 1 9 0 0.40327984059729499
8 1 9 8 -0.63292787959596597
8 1 10 7 -1.3151875711696099
8 1 11 6 -1.6222923790308099
8 2 0 2 0.030376892507548998
8 2 2 0 -0.030376892507548998
8 2 2 8 -0.17632564120706401
8 2 4 6 -0.193339158771343
8 2 6 4 0.193339158771343
8 2 8 2 0.17632564120706401
8 3 0 3 0.27493138100164199
8 3 1 2 -0.038312949362527
8 3 2 1 0.038312949362527
8 3 2 9 0.095913456014837306
8 3 3 0 -0.27493138100164199
8 3 3 8 1.1601085386019601
8 3 4 7 -1.2850711610019601
8 3 5 6 -0.069993466332247498
8 3 6 5 0.069993466332247498
8 3 7 4 1.2850711610019601
8 3 8 3 -1.1601085386019601
8 3 9 2 -0.095913456014837306
8 4 0 4 0.19774753255000799
8 4 2 10 -0.030966777868327199
8 4 4 0 -0.19774753255000799
8 4 4 8 0.69796004075696705
8 4 8 4 -0.69796004075696705
8 4 10 2 0.030966777868327199
8 5 0 5 0.144970572578489
8 5 1 4 1.0591050150628201
8 5 2 11 0.37521826613882597
8 5 3 10 -1.19230593775897
8 5 4 1 -1.0591050150628201
8 5 4 9 1.5495547900612601
8 5 5 0 -0.144970572578489
8 5 5 8 0.61811439668310497
8 5 8 5 -0.61811439668310497
8 5 9 4 -1.5495547900612601
8 5 10 3 1.19230593775897
8 5 11 2 -0.37521826613882597
8 6 0 6 -0.16373593738862599
8 6 6 0 0.16373593738862599
8 6 6 8 0.83357176249541298
8 6 8 6 -0.83357176249541298
8 7 0 7 -0.018500645662346899
8 7 1 6 -0.52155194853694298
8 7 2 3 0.86526881058666305
8 7 3 2 -0.86526881058666305
8 7 6 1 0.52155194853694298
8 7 6 9 -0.47162586058648198
8 7 7 0 0.018500645662346899
8 7 7 8 0.486197055193964
8 7 8 7 -0.486197055193964
8 7 9 6 0.47162586058648198
8 9 0 1 0.66480455767219004
8 9 0 9 1.0921531997040299
8 9 1 0 -0.66480455767219004
8 9 1 8 -0.63292787959596597
8 9 2 5 1.0303111058475201
8 9 3 4 -1.7238664421854499
8 9 4 3 1.7238664421854499
8 9 5 2 -1.0303111058475201
8 9 6 11 -0.69348628008281199
8 9 7 10 -0.89275282500725905
8 9 8 1 0.63292787959596597
8 9 8 9 0.60420329327753797
8 9 9 0 -1.0921531997040299
8 9 9 8 -0.60420329327753797
8 9 10 7 0.89275282500725905
8 9 11 6 0.69348628008281199
8 10 0 10 -0.49712149381161402
8 10 8 10 -0.22044048515341899
8 10 10 0 0.49712149381161402
8 10 10 8 0.22044048515341899
8 11 0 11 0.34532731317795401
8 11 1 10 -1.483568028938
8 11 4 5 -0.36133724100944198
8 11 5 4 0.36133724100944198
8 11 8 11 -0.60079214331692898
8 11 9 10 -1.03622826168694
8 11 10 1 1.483568028938
8 11 10 9 1.03622826168694
8 11 11 0 -0.34532731317795401
8 11 11 8 0.60079214331692898
9 0 0 1 -2.1984510630643102
9 0 0 9 1.8813082490663
9 0 1 0 2.1984510630643102
9 0 1 8 -0.40327984059729499
9 0 2 5 -0.76570799383285304
9 0 3 4 -0.20100025378481301
9 0 4 3 0.20100025378481301
9 0 5 2 0.76570799383285304
9 0 6 11 1.09274869768067
9 0 7 10 0.36262404591477898
9 0 8 1 0.40327984059729499
9 0 8 9 -1.0921531997040299
9 0 9 0 -1.8813082490663
9 0 9 8 1.0921531997040299
9 0 10 7 -0.36262404591477898
9 0 11 6 -1.09274869768067
9 1 1 9 -0.039402973611309199
9 1 3 5 -0.41989672014294499
9 1 5 3 0.41989672014294499
9 1 7 11 -0.97581886341188395
9 1 9 1 0.039402973611309199
9 1 11 7 0.97581886341188395
9 2 0 3 -1.1458727620057301
9 2 1 2 -0.27201711437873999
9 2 2 1 0.27201711437873999
9 2 2 9 0.34737855280198299
9 2 3 0 1.1458727620057301
9 2 3 8 0.095913456014837306
9 2 4 7 1.49472813102364
9 2 5 6 -0.70953074340673605
9 2 6 5 0.70953074340673605
9 2 7 4 -1.49472813102364
9 2 8 3 -0.095913456014837306
9 2 9 2 -0.34737855280198299
9 3 1 3 -0.0590899388841458
9 3 3 1 0.0590899388841458
9 3 3 9 0.47089477290701598
9 3 5 7 -0.23544425563111199
9 3 7 5 0.23544425563111199
9 3 9 3 -0.47089477290701598
9 4 0 5 0.27130616888741499
9 4 1 4 0.32699803692683399
9 4 2 11 -0.23299235109212199
9 4 3 10 1.35048674470914
9 4 4 1 -0.32699803692683399
9 4 4 9 0.57414862608421702
9 4 5 0 -0.27130616888741499
9 4 5 8 1.5495547900612601
9 4 8 5 -1.5495547900612601
9 4 9 4 -0.57414862608421702
9 4 10 3 -1.35048674470914
9 4 11 2 0.23299235109212199
9 5 1 5 1.53291005638807
9 5 3 11 -0.82402298608937996
9 5 5 1 -1.53291005638807
9 5 5 9 -0.40389556447584901
9 5 9 5 0.40389556447584901
9 5 11 3 0.82402298608937996
9 6 0 7 -0.106262543469161
9 6 1 6 -0.58679052750106697
9 6 2 3 -1.95034867267491
9 6 3 2 1.95034867267491
9 6 6 1 0.58679052750106697
9 6 6 9 0.12654438619427
9 6 7 0 0.106262543469161
9 6 7 8 -0.47162586058648198
9 6 8 7 0.47162586058648198
9 6 9 6 -0.12654438619427
9 7 1 7 -0.217331539986823
9 7 7 1 0.217331539986823
9 7 7 9 0.58874460617264601
9 7 9 7 -0.58874460617264601
9 8 0 1 -0.66480455767219004
9 8 0 9 -1.0921531997040299
9 8 1 0 0.66480455767219004
9 8 1 8 0.63292787959596597
9 8 2 5 -1.0303111058475201
9 8 3 4 1.7238664421854499
9 8 4 3 -1.7238664421854499
9 8 5 2 1.0303111058475201
9 8 6 11 0.69348628008281199
9 8 7 10 0.89275282500725905
9 8 8 1 -0.63292787959596597
9 8 8 9 -0.60420329327753797
9 8 9 0 1.0921531997040299
9 8 9 8 0.60420329327753797
9 8 10 7 -0.89275282500725905
9 8 11 6 -0.69348628008281199
9 10 0 11 0.280156716706144
9 10 1 10 0.67666536733860405
9 10 4 5 0.26841149972148298
9 10 5 4 -0.26841149972148298
9 10 8 11 -1.03622826168694
9 10 9 10 -0.345018013912268
9 10 10 1 -0.67666536733860405
9 10 10 9 0.345018013912268
9 10 11 0 -0.280156716706144
9 10 11 8 1.03622826168694
9 11 1 11 0.98734481303564103
9 11 9 11 0.73137915091363304
9 11 11 1 -0.98734481303564103
9 11 11 9 -0.73137915091363304
10 0 0 10 -0.646923993254642
10 0 8 10 0.49712149381161402
10 0 10 0 0.646923993254642
10 0 10 8 -0.49712149381161402
10 1 0 11 0.51338732495659301
10 1 1 10 0.26072449850469398
10 1 4 5 0.62751553245269998
10 1 5 4 -0.62751553245269998
10 1 8 11 1.483568028938
10 1 9 10 -0.67666536733860405
10 1 10 1 -0.26072449850469398
10 1 10 9 0.67666536733860405
10 1 11 0 -0.51338732495659301
10 1 11 8 -1.483568028938
10 2 0 4 1.1567304047459099
10 2 2 10 0.73308538018226499
10 2 4 0 -1.1567304047459099
10 2 4 8 -0.030966777868327199
10 2 8 4 0.030966777868327199
10 2 10 2 -0.73308538018226499
10 3 0 5 -0.28938873374261398
10 3 1 4 0.83204325036312499
10 3 2 11 -0.53562691387469696
10 3 3 10 -0.142997486191553
10 3 4 1 -0.83204325036312499
10 3 4 9 1.35048674470914
10 3 5 0 0.28938873374261398
10 3 5 8 -1.19230593775897
10 3 8 5 1.19230593775897
10 3 9 4 -1.35048674470914
10 3 10 3 0.142997486191553
10 3 11 2 0.53562691387469696
10 4 4 10 0.57103480136904305
10 4 10 4 -0.57103480136904305
10 5 4 11 -1.0651183689677399
10 5 5 10 0.90545281619257501
10 5 10 5 -0.90545281619257501
10 5 11 4 1.0651183689677399
10 6 0 8 -0.16891267898724699
10 6 2 4 0.87165665305566897
10 6 4 2 -0.87165665305566897
10 6 6 10 -1.3346179194113299
10 6 8 0 0.16891267898724699
10 6 10 6 1.3346179194113299
10 7 0 1 0.51171099422507704
10 7 0 9 0.36262404591477898
10 7 1 0 -0.51171099422507704
10 7 1 8 1.3151875711696099
10 7 2 5 -0.566662644643386
10 7 3 4 0.27256479936810102
10 7 4 3 -0.27256479936810102
10 7 5 2 0.566662644643386
10 7 6 11 0.682161519670754
10 7 7 10 -0.354658564864131
10 7 8 1 -1.3151875711696099
10 7 8 9 0.89275282500725905
10 7 9 0 -0.36262404591477898
10 7 9 8 -0.89275282500725905
10 7 10 7 0.354658564864131
10 7 11 6 -0.682161519670754
10 8 0 10 0.49712149381161402
10 8 8 10 0.22044048515341899
10 8 10 0 -0.49712149381161402
10 8 10 8 -0.22044048515341899
10 9 0 11 -0.280156716706144
10 9 1 10 -0.67666536733860405
10 9 4 5 -0.26841149972148298
10 9 5 4 0.26841149972148298
10 9 8 11 1.03622826168694
10 9 9 10 0.345018013912268
10 9 10 1 0.67666536733860405
10 9 10 9 -0.345018013912268
10 9 11 0 0.280156716706144
10 9 11 8 -1.03622826168694
10 11 10 11 0.29668148591186
10 11 11 10 -0.29668148591186
11 0 0 11 -0.66962769012298795
11 0 1 10 0.51338732495659301
11 0 4 5 0.81285039520937896
11 0 5 4 -0.81285039520937896
11 0 8 11 -0.34532731317795401
11 0 9 10 -0.280156716706144
11 0 10 1 -0.51338732495659301
11 0 10 9 0.280156716706144
11 0 11 0 0.66962769012298795
11 0 11 8 0.34532731317795401
11 1 1 11 -0.37238517186138598
11 1 9 11 -0.98734481303564103
11 1 11 1 0.37238517186138598
11 1 11 9 0.98734481303564103
11 2 0 5 -1.00745293748898
11 2 1 4 1.0339670470958899
11 2 2 11 -0.22228332607490001
11 2 3 10 -0.53562691387469696
11 2 4 1 -1.0339670470958899
11 2 4 9 -0.23299235109212199
11 2 5 0 1.00745293748898
11 2 5 8 0.37521826613882597
11 2 8 5 -0.37521826613882597
11 2 9 4 0.23299235109212199
11 2 10 3 0.53562691387469696
11 2 11 2 0.22228332607490001
11 3 1 5 1.8555070575541199
11 3 3 11 -0.079069042496979006
11 3 5 1 -1.8555070575541199
11 3 5 9 -0.82402298608937996
11 3 9 5 0.82402298608937996
11 3 11 3 0.079069042496979006
11 4 4 11 0.227569180211489
11 4 5 10 -1.0651183689677399
11 4 10 5 1.0651183689677399
11 4 11 4 -0.227569180211489
11 5 5 11 1.2480087050378299
11 5 11 5 -1.2480087050378299
11 6 0 1 0.0972296680803377
11 6 0 9 1.09274869768067
11 6 1 0 -0.0972296680803377
11 6 1 8 1.6222923790308099
11 6 2 5 -1.0670952183144999
11 6 3 4 -0.0155144190795152
11 6 4 3 0.0155144190795152
11 6 5 2 1.0670952183144999
11 6 6 11 -0.26362670964373702
11 6 7 10 0.682161519670754
11 6 8 1 -1.6222923790308099
11 6 8 9 0.69348628008281199
11 6 9 0 -1.09274869768067
11 6 9 8 -0.69348628008281199
11 6 10 7 -0.682161519670754
11 6 11 6 0.26362670964373702
11 7 1 9 -0.97581886341188395
11 7 3 5 -0.26381811252687298
11 7 5 3 0.26381811252687298
11 7 7 11 0.395487086834446
11 7 9 1 0.97581886341188395
11 7 11 7 -0.395487086834446
11 8 0 11 -0.34532731317795401
11 8 1 10 1.483568028938
11 8 4 5 0.36133724100944198
11 8 5 4 -0.36133724100944198
11 8 8 11 0.60079214331692898
11 8 9 10 1.03622826168694
11 8 10 1 -1.483568028938
11 8 10 9 -1.03622826168694
11 8 11 0 0.34532731317795401
11 8 11 8 -0.60079214331692898
11 9 1 11 -0.98734481303564103
11 9 9 11 -0.73137915091363304
11 9 11 1 0.98734481303564103
11 9 11 9 0.73137915091363304
11 10 10 11 -0.29668148591186
11 10 11 10 0.29668148591186
