0 8 0.68514415061094325
1 9 -0.055567252683273206
8 0 -0.68514415061094325
9 1 0.055567252683273206
0 1 6 11 -0.031130678306738158
0 1 7 10 1.394323439601231
0 1 8 9 -0.22114612458085373
0 1 9 8 0.22114612458085373
0 1 10 7 -1.394323439601231
0 1 11 6 0.031130678306738158
1 0 6 11 0.031130678306738158
1 0 7 10 -1.394323439601231
1 0 8 9 0.2211461245808537
1 0 9 8 -0.22114612458085373
1 0 10 7 1.394323439601231
1 0 11 6 -0.031130678306738158
2 3 6 9 0.65923763061923435
2 3 7 8 -0.30745285803265171
2 3 8 7 0.30745285803265171
2 3 9 6 -0.65923763061923435
2 4 6 10 0.22122253432422134
2 4 10 6 -0.22122253432422134
2 5 6 11 5.2372423103003216
2 5 7 10 2.1235100580512247
2 5 8 9 3.9501894726373799
2 5 9 8 -3.9501894726373763
2 5 10 7 -2.1235100580512212
2 5 11 6 -5.2372423103003216
3 2 6 9 -0.65923763061923435
3 2 7 8 0.30745285803265171
3 2 8 7 -0.30745285803265171
3 2 9 6 0.65923763061923446
3 4 6 11 0.014259847105843859
3 4 7 10 -0.56504739215969513
3 4 8 9 0.71604144086392851
3 4 9 8 -0.71604144086392851
3 4 10 7 0.56504739215969513
3 4 11 6 -0.014259847105843855
3 5 7 11 -0.2624801995586844
3 5 11 7 0.2624801995586844
4 2 6 10 -0.22122253432422134
4 2 10 6 0.22122253432422134
4 3 6 11 -0.014259847105843852
4 3 7 10 0.56504739215969546
4 3 8 9 -0.71604144086392851
4 3 9 8 0.71604144086392851
4 3 10 7 -0.56504739215969546
4 3 11 6 0.014259847105843852
4 5 8 11 0.4167261355574326
4 5 9 10 0.55782358660012321
4 5 10 9 -0.55782358660012332
4 5 11 8 -0.4167261355574326
5 2 6 11 -5.2372423103003216
5 2 7 10 -2.1235100580512212
5 2 8 9 -3.9501894726373799
5 2 9 8 3.9501894726373763
5 2 10 7 2.1235100580512212
5 2 11 6 5.2372423103003216
5 3 7 11 0.26248019955868451
5 3 11 7 -0.26248019955868451
5 4 8 11 -0.41672613555743271
5 4 9 10 -0.55782358660012299
5 4 10 9 0.55782358660012299
5 4 11 8 0.4167261355574326
6 9 2 3 -0.65923763061923435
6 9 3 2 0.65923763061923435
6 10 2 4 -0.22122253432422134
6 10 4 2 0.22122253432422134
6 11 0 1 0.031130678306738158
6 11 1 0 -0.031130678306738158
6 11 2 5 -5.2372423103003216
6 11 3 4 -0.014259847105843859
6 11 4 3 0.014259847105843852
6 11 5 2 5.2372423103003216
7 8 2 3 0.30745285803265171
7 8 3 2 -0.30745285803265171
7 10 0 1 -1.394323439601231
7 10 1 0 1.394323439601231
7 10 2 5 -2.1235100580512247
7 10 3 4 0.56504739215969513
7 10 4 3 -0.56504739215969546
7 10 5 2 2.1235100580512212
7 11 3 5 0.2624801995586844
7 11 5 3 -0.26248019955868451
8 7 2 3 -0.30745285803265171
8 7 3 2 0.30745285803265171
8 9 0 1 0.22114612458085373
8 9 1 0 -0.2211461245808537
8 9 2 5 -3.9501894726373799
8 9 3 4 -0.71604144086392851
8 9 4 3 0.71604144086392851
8 9 5 2 3.9501894726373799
8 11 4 5 -0.4167261355574326
8 11 5 4 0.41672613555743271
9 6 2 3 0.65923763061923435
9 6 3 2 -0.65923763061923446
9 8 0 1 -0.22114612458085373
9 8 1 0 0.22114612458085373
9 8 2 5 3.9501894726373763
9 8 3 4 0.71604144086392851
9 8 4 3 -0.71604144086392851
9 8 5 2 -3.9501894726373763
9 10 4 5 -0.55782358660012321
9 10 5 4 0.55782358660012299
10 6 2 4 0.22122253432422134
10 6 4 2 -0.22122253432422134
10 7 0 1 1.394323439601231
10 7 1 0 -1.394323439601231
10 7 2 5 2.1235100580512212
10 7 3 4 -0.56504739215969513
10 7 4 3 0.56504739215969546
10 7 5 2 -2.1235100580512212
10 9 4 5 0.55782358660012332
10 9 5 4 -0.55782358660012299
11 6 0 1 -0.031130678306738158
11 6 1 0 0.031130678306738158
11 6 2 5 5.2372423103003216
11 6 3 4 0.014259847105843855
11 6 4 3 -0.014259847105843852
11 6 5 2 -5.2372423103003216
11 7 3 5 -0.2624801995586844
11 7 5 3 0.26248019955868451
11 8 4 5 0.4167261355574326
11 8 5 4 -0.4167261355574326
